20100516063454464 utu1D 4 2.8 0.10
20100516085611725 utu1D 10 2.2 0.15
20100601073604690 utu1D 9 1.5 0.05
20100601221352679 utu1D 9 1.7 0.05
20100930095232848 utu1D 9 1.4 0.05
20100930095413030 utu1D 9 1.6 0.05
20100930095612039 utu1D 9 1.9 0.05
20100930102501621 utu1D 10 1.7 0.05
20100930114531523 utu1D 9 1.5 0.05
20100930155702647 utu1D 9 2.2 0.10
20100930163913172 utu1D  9 1.6 0.05
20100930172333129 utu1D 9 2.2 0.10
20100930183517772 utu1D 9 1.8 0.05
20100930215912435 utu1D 10 2.4 0.15
20101001111055009 utu1D 9 2.0 0.05
20101001111242832 utu1D 10 2.0 0.05
20101005032124419 utu1D 9 1.8 0.05
20110127030947813 utu1D 9 1.4 0.05
20110425035005648 utu1D 8 0.7 0.10
20110425044754697 utu1D 9 0.7 0.10
20110429191551352 utu1D 9 1.4 0.05
20110430155647801 utu1D 9 1.3 0.05
20110501125910539 utu1D  9 1.2 0.05
20110507023604488 utu1D 9 1.2 0.05
20110528023726768 utu1D 9 0.3 0.10
20110528024224281 utu1D 9 0.5 0.05
20110528025238269 utu1D 9 1.0 0.05
20110528025339982 utu1D 10 0.5 0.05
20110528033523921 utu1D 11 0.5 0.05
20110528061823523 utu1D 9 1.2 0.10
20110531124824834 utu1D 9 0.3 0.05
20110606070201270 utu1D 9 1.2 0.05
20110622023324299 utu1D 9 0.7 0.05
20110630104259611 utu1D 9 0.9 0.10
20110708145821435 utu1D 9 0.5 0.05
20110802030042673 utu1D 9 0.7 0.05
20110808103842458 utu1D 18 0.7 0.05
20110809032109852 utu1D 10 0.5 0.05
20110810031814398 utu1D 9 0.7 0.10
20110810031838705 utu1D 9 1.0 0.05
20110817004317677 utu1D 9 0.6 0.05
20110823072642794 utu1D 9 0.6 0.05
20110823072700783 utu1D 9 1.3 0.10
20110823202112670 utu1D 9 0.9 0.10
20110829071401139 utu1D 9 0.9 0.10
20110927181440559 utu1D 9 0.6 0.05
20110927211049558 utu1D 9 0.7 0.05
20111025030750754 utu1D 10 0.6 0.10
20111028072530002 utu1D 10 0.4 0.05
20111111110221636 utu1D 9 0.7 0.05
20111209143454837 utu1D 8 1.2 0.10
20111222231621860 utu1D 9 0.7 0.05
20111222231708220 utu1D 9 1.2 0.10
20111224035332713 utu1D 10 1.0 0.05
20111224064128067 utu1D 9 0.9 0.05
20111224064311431 utu1D 9 0.9 0.10
20111224064906473 utu1D 9 0.6 0.05
20111224172941331 utu1D 10 0.7 0.05
20120107133800237 utu1D 9 0.7 0.05
20120108082720474 utu1D 9 0.6 0.05
20120126201937383 utu1D 9 0.6 0.05
20120202125816847 utu1D 13 0.8 0.05
20120204025800727 utu1D 15 0.6 0.05
