20140505045944304.AK.SLK..BH/-1   40    1    1    1    1    0   8.03    0    0    0    0
20140505045944304.AK.RC01..BH/1   50    1    1    1    1    1   8.94    0    0    0    0
20140505045944304.AK.SWD..BH/-1   61    1    1    1    1    1  10.57    0    0    0    0
20140505045944304.AK.FIRE..BH/1   65    1    1    1    1    0 11.42    0    0    0    0
20140505045944304.AK.PWL..BH/1   71   0    0    1    1    1  12.23    0    0    0    0
20140505045944304.AK.CAPN..BH/1   88    1    1    1    1    1  14.71    0    0    0    0
20140505045944304.AK.KNK..BH/-1  104    1    1    1    1    1  16.13    0    0    0    0
20140505045944304.AT.PMR..BH/-1  107    1    1    1    1    1  16.12    0    0    0    0
20140505045944304.AK.BRSE..BH/-1  121    1    1    1    1    1  18.23    0    0    0    0
20140505045944304.AK.BRLK..BH/-1  125    1    1    1    1    1  18.57    0    0    0    0
20140505045944304.AK.GHO..BH/-1  129    1    1    1    1    1  19.33    0    0    0    0
20140505045944304.AK.GLI..BH/-1  137    1    1    1    1    1  19.86    0    0    0    0
20140505045944304.AK.SAW..BH/-1  145    1    1    1    1    1  21.26    0    0    0    0
20140505045944304.AK.CNP..BH/1  156    1    1    1    1    0  22.56    0    0    0    0
20140505045944304.AK.HOM..BH/-1  161    1    1    1    1    1  23.34    0    0    0    0
20140505045944304.AK.FID..BH/1  162    1    1    0    0    1  23.30    0    0    0    0
20140505045944304.AK.HIN..BH/1  170    1    1    1    1    1  24.02    0    0    0    0
20140505045944304.AK.SCM..BH/-1  178    1    1    1    1    1  25.64    0    0    0    0
20140505045944304.PS.VMT..BH  180    0    0    1    1    1  25.61    0    0    0    0
20140505045944304.AK.EYAK..BH/1  209    1    1    1    1    1  28.72    0    0    0    0
20140505045944304.AT.MID..BH/1  225    1    1    1    1    1  30.81    0    0    0    0
20140505045944304.AK.WAT3..BH/-1  233    1    1    1    1    0  31.96    0    0    0    0
20140505045944304.AK.WAT6..HH/-1  236    1    1    1    1    1  32.34    0    0    0    0
20140505045944304.AK.SGA..BH/1  239    1    1    1    1    1  32.19    0    0    0    0
20140505045944304.AK.WAT7..BH/-1  246    1    1    1    1    1  33.58    0    0    0    0
20140505045944304.AK.WAT1..BH/-1  248    1    1    1    1    1  33.85    0    0    0    0
20140505045944304.PS.PS12..BH/-1  255    1    1    1    1    1  35.11    0    0    0    0
20140505045944304.AK.WAT4..BH/-1  258    1    1    1    1    1  35.05    0    0    0    0
20140505045944304.AK.WAT2..BH/-1  263    1    1    1    1    1  35.58    0    0    0    0
20140505045944304.AK.GOAT..BH/1  265    1    1    1    1    1  35.70    0    0    0    0
20140505045944304.AK.RAG..BH/1  270    1    1    0    0    1  35.85    0    0    0    0
20140505045944304.PS.PS11..BH  270    1    1    1    1    1  37.31    0    0    0    0
20140505045944304.AK.WAT5..BH/-1  278    1    1    1    1    1  37.54    0    0    0    0
20140505045944304.AK.PPLA..BH/1  286    0    0    1    1    1  38.13    0    0    0    0
20140505045944304.AK.DHY..BH/-1  293    1    1    1    1    1  40.02    0    0    0    0
20140505045944304.TA.HARP..HH  305    0    0    0    0    0   0.00    0    0    0    0
20140505045944304.AK.RND..BH/-1  309    1    1    1    1    1  41.44    0    0    0    0
20140505045944304.AK.TRF..BH/-1  314    1    1    1    1    1  41.83    0    0    0    0
20140505045944304.AK.GLB..BH/-1  323    0    0    0    0    0  43.30    0    0    0    0
20140505045944304.AK.BERG..BH  323    0    0    0    0    0   0.00    0    0    0    0
20140505045944304.AK.KTH..BH  331    0    0    1    1    1  44.02    0    0    0    0
20140505045944304.AT.SVW2..BH  333    0   0    0    0    0   0.00    0    0    0    0
20140505045944304.AK.PAX..BH  336    0    0    1    1    1  46.36    0    0    0    0
20140505045944304.AK.VRDI..BH/-1  337    0    0    1    1    1  44.91    0    0    0    0
20140505045944304.AK.MCK..BH  345    0    0   1    1    1  46.44    0    0    0    0
20140505045944304.AK.CRQ..BH/1  353    0    0    0    0    1  46.30    0    0    0    0
20140505045944304.AK.MCAR..BH/-1  363    0    0    1    1    1  48.22    0    0    0    0
20140505045944304.II.KDAK..BH/1  363    0    0    0    0    0  46.94    0    0    0    0
20140505045944304.PS.PS10..BH  367    0    0    1    1    1  49.16    0    0    0    0
20140505045944304.AK.TGL..BH/1  368    0   0    0    0    1  48.04    0    0    0    0
20140505045944304.AK.SSP..BH/1  374    0    0   0    0    0  48.34    0    0    0    0
20140505045944304.AK.CHUM..BH  387    0    0    0    0    0  50.76    0    0    0    0
20140505045944304.AK.PTPK..BH/-1  389   0    0    1    1    1  51.86    0    0    0    0
20140505045944304.AK.BPAW..BH  391    0    0    1    1    1  51.00    0    0    0    0
20140505045944304.AK.BWN..BH  393    0    0    0    0    0  52.89    0    0    0    0
20140505045944304.AK.KIAG..BH/1  393    0    0    1    1    1  51.63    0    0    0    0
20140505045944304.AK.BAL..BH/1  394    0    0    1    1    1  51.96    0    0    0    0
20140505045944304.AT.MENT..BH  400    0    0    1    1    1  53.78    0    0    0    0
20140505045944304.PS.PS09..BH  415    0    0    0    0    0   54.5    0    0    0    0
20140505045944304.AV.KABU..BH/-1  419    0    0    0    0    0  55.19    0    0    0    0
20140505045944304.AK.RIDG..BH/-1  422    0    0    0    0    0  55.93    0    0    0    0
20140505045944304.AT.TTA..BH  424    0    0    0    0    0  55.18    0    0    0    0
20140505045944304.AK.GRNC..BH/1  426    0    0    0    0    0  55.64    0    0    0    0
20140505045944304.AK.YAH..BH/1  430    0    0    0    0    0  55.80    0    0    0    0
20140505045944304.AK.BARN..BH/1  431    0    0    0    0   0  56.79    0    0    0    0
20140505045944304.AK.WRH..BH  432    0    0    0    0    0  57.28    0    0    0    0
20140505045944304.AT.OHAK..BH  438    0    0    0    0    0  56.08    0    0    0    0
20140505045944304.AK.DOT..BH  440    0    0    0    0    0  58.26    0    0    0    0
20140505045944304.AK.HDA..BH  440    0    0    0    0    0  59.00    0    0    0    0
20140505045944304.AK.NEA..BH  440    0    0    0    0    0  58.26    0    0    0    0
20140505045944304.AK.CTG..BH/1  449    0    0    0  0    0  58.80    0    0    0    0
20140505045944304.AK.CCB..BH  454    0    0    0    0    0  60.02    0    0    0    0
20140505045944304.PS.PS08..BH  456    0    0    0    0    0  60.98    0    0    0    0
20140505045944304.AK.SCRK..BH  469    0    0    0    0    0  60.88    0    0    0    0
20140505045944304.TA.TCOL..BH  478    0    0    0    0    0   0.00    0    0    0    0
20140505045944304.IU.COLA..BH  478    0    0    0    0    0  62.66    0    0    0    0
20140505045944304.IM.IL31..BH  479    0    0    0    0    0  62.65    0    0    0    0
20140505045944304.XM.ILBB..BH  479   0    0    0    0    0   0.00    0    0    0    0
20140505045944304.CN.YUK2..HH/-1  484    0    0    0    0    0  63.84    0    0    0    0
20140505045944304.AK.MDM..BH  485    0    0    0    0    0   63.85    0    0    0    0
20140505045944304.AK.MLY..BH  492    0   0    0   0   0  63.89    0    0    0    0
