     20160408032418180.ZE.GOOS..HH    8    0    0    0    0    0 5    0    0    0    0 
     20160408032418180.AK.FIRE..BH   39    1    1    0   0    0 8.9080    0    0    0    0 
     20160408032418180.AK.RC01..BH   42    1    1    1    1    1 8.3230    0    0    0    0 
      20160408032418180.AT.PMR..BH   45    1    1    1    1    1 8.4040    0    0    0    0 
     20160408032418180.ZE.WHIP..HH   67    0    0    0    0    0 10.81    0    0    0    0 
     20160408032418180.ZE.HOPE..HH   68    1    1    1    1    1 11.1    0    0    0    0 
      20160408032418180.AK.KNK..BH   78    1    1    1    1    1 12.8090    0    0    0    0 
     20160408032418180.ZE.MPEN..HH   86    0    0    0    0    0 13.7    0    0    0    0 
     20160408032418180.ZE.JUDD..HH   87    0    0    0    0    0 13.8    0    0    0    0 
     20160408032418180.ZE.CONG..HH   90    0   0    0    0    0 14    0    0    0    0 
      20160408032418180.AK.SAW..BH   93    1    1    1    1    1 14.2280    0    0    0    0 
     20160408032418180.AK.CAPN..BH  102    0    0    1    1    0 17.1880    0    0    0    0 
      20160408032418180.AK.CUT..BH  107    0    0    0    0    0 15.8200    0    0    0    0 
      20160408032418180.AK.SLK..BH  107    0    0    0    0    0 15.8820    0    0    0    0 
      20160408032418180.AK.PWL..BH  109    1    1    1    1    1 16.5280    0    0    0    0 
     20160408032418180.ZE.BING..HH  113    0    0    0    0    0 17    0    0    0    0 
     20160408032418180.AV.SPCG..BH  114    1    1    0    0    0 17.1600    0    0    0    0 
     20160408032418180.ZE.NSKI..HH  115    0    0    0   0    0 17.25    0    0    0    0 
     20160408032418180.ZE.SALA..HH  126    0    0    0    0    0 18.5600    0    0    0    0 
     20160408032418180.AV.SPCR..BH  126    1    1    0    0    0 18.5600    0    0    0    0 
     20160408032418180.ZE.SOLD..HH  128    0    0    0    0    0 18.79    0    0    0    0 
     20160408032418180.AV.SPBG..BH  133    0    0    0    0    0 19.6000    0    0    0    0 
      20160408032418180.AK.SCM..BH  143    1    1    1    1    1 21.3080    0    0    0    0 
     20160408032418180.ZE.KALN..HH  151    0    0    0    0    0 21.45    0    0    0    0 
     20160408032418180.ZE.LTUY..HH  153    0    0    1    1    1 21.5110    0    0    0    0 
      20160408032418180.AK.SWD..BH  153    0    0    1    1    1 21.5110    0    0    0    0 
     20160408032418180.ZE.LTUX..HH  154    0    0    0    0    0 21.660    0    0    0    0 
     20160408032418180.ZE.CLAM..HH  158    0    0    0    0    0 22.2    0    0    0    0 
     20160408032418180.AK.WAT7..BH  163    1    1    1    1    1 23.7680    0    0    0    0 
      20160408032418180.AK.GLI..BH  165    0    0    1    1    1 23.4630    0    0    0    0 
     20160408032418180.AK.WAT1..HH  168    1    1    1    1    1 24.1880    0    0    0    0 
     20160408032418180.AK.WAT6..BH  169    1    1    1    1    1 24.2480    0    0    0    0 
     20160408032418180.ZE.KALS..HH  169    0    0    1    1    1 24.2480    0    0    0    0 
     20160408032418180.AV.RDDF..BH  178    0    0    0    0    0 0.0000    0    0    0    0 
     20160408032418180.ZE.NNIL..HH  183    0    0    0    0    0 25.995    0    0    0    0 
     20160408032418180.AV.RDJH..BH  184    1    1    0    0    0 26.1000    0    0    0    0 
      20160408032418180.AV.NCT..BH  191    0    0    0    0    0 0.0000    0    0    0    0 
     20160408032418180.AV.RDWB..BH  192    1    1    0    0    0 27.0800    0    0    0    0 
      20160408032418180.AV.RED..BH  193    1    1    0    0    0 27.1600    0    0    0    0 
     20160408032418180.AK.BRSE..BH  197    0    0    1    1    1 27.1080    0    0    0    0 
      20160408032418180.AK.FID..BH  197    0    0    1    1    1 27.3710    0    0    0    0 
     20160408032418180.AK.BRLK..BH  198    0    0   0    0    0 27.3680    0    0    0    0 
     20160408032418180.AK.PPLA..BH  199    0    0    1    1    1 27.9780    0    0    0    0 
     20160408032418180.ZE.HLC3..HH  205    0    0    0    0    0 28.6    0    0    0    0 
      20160408032418180.AK.KLU..BH  213    0    0    1    1    1 29.5680    0    0    0    0 
      20160408032418180.AK.HOM..BH  222    0    0    1    1    1 31.1880    0    0    0    0 
      20160408032418180.AK.TRF..BH  223    0    0    1    1    1 31.1480    0    0    0    0 
      20160408032418180.AK.DHY..BH  223    1    1    1    1    1 31.1280    0    0    0    0 
      20160408032418180.AK.RND..BH  224    0    0    1    1    1 31.3080    0    0    0    0 
      20160408032418180.AK.DIV..BH  225    0    0    1    1    1 30.8680    0    0    0    0 
      20160408032418180.AK.CNP..BH  227    0    0    1    1    1 31.2590    0    0    0    0 
      20160408032418180.AV.IVE..BH  233    1    1    0    0    0 32.1650    0    0    0    0 
      20160408032418180.AV.ILW..BH  235    0    0    0    0    0 0.0000    0    0    0    0 
     20160408032418180.ZE.HLC5..HH  236    1    1    0    0    0 32.7    0    0    0    0 
      20160408032418180.AK.KTH..BH  239    0    0    1    1    1 33.1420    0    0    0    0 
     20160408032418180.AV.ILSW..BH  241    1    1    1    1    1 33.3080    0    0    0    0 
     20160408032418180.AK.CAST..BH  245    0    0    1    1    1 33.2770    0    0    0    0 
     20160408032418180.AK.EYAK..BH  247    0    0    1    1    1 33.1680    0    0    0    0 
      20160408032418180.AK.MCK..BH  258    0    0    1    1    1 35.7440    0    0    0    0 
     20160408032418180.ZE.WFLS..HH  267    1    1    1    1    1 37    0    0    0    0 
      20160408032418180.AK.SGA..BH  275    0    0    0    0    0 0.0000    0    0    0    0 
      20160408032418180.AK.PAX..BH  286    1    1    1    1    1 39.5330    0    0    0    0 
     20160408032418180.ZE.WFLW..HH  286    1    1    1    1    1 39.5330    0    0    0    0 
      20160408032418180.AK.BMR..BH  291    0    0    1    1    1 38.3900    0    0    0    0 
     20160408032418180.AK.CHUM..BH  297    0    0    1    1    1 39.6    0    0    0    0 
     20160408032418180.AK.BPAW..BH  299    0    0    1    1    1 39.8280    0    0    0    0 
      20160408032418180.AT.MID..BH  300    0    0    0    0    0 0.0000    0    0    0    0 
      20160408032418180.AK.BWN..BH  304    0    0    0    0   0 40.4    0    0    0    0 
     20160408032418180.AT.SVW2..BH  308    1    1    1    1    0 40.8600    0    0    0    0 
      20160408032418180.AK.GLB..BH  326    0    0    1    1    1 43.0740    0    0    0    0 
      20160408032418180.AK.HMT..BH  332    0    0    0    0    0 44    0    0    0    0 
     20160408032418180.AK.VRDI..BH  347    0    0    1    1    1 45.5280    0    0    0    0 
     20160408032418180.XV.FAPT..HH  347    0    0    0    0    0 45.5280    0    0    0    0 
     20160408032418180.XV.FNN2..HH  348    0    0    0    0    0 46    0    0    0    0 
      20160408032418180.AK.WRH..BH  348    0    0    1    1    1 46    0    0    0    0 
     20160408032418180.XV.FNN1..HH  349    0    0    0    0    0 46.25    0    0    0    0 
     20160408032418180.AK.NICH..BH  351    0    0    0    0    0 0.0000    0    0    0    0 
     20160408032418180.AK.NEA2..BH  352    0    0    0    0    0 46.680    0    0    0    0 
     20160408032418180.XV.FPAP..HH  354    0    0    0    0    0 46.8    0    0    0    0 
      20160408032418180.AT.TTA..BH  357    1    1    0    0    0 47.0400    0    0    0    0 
     20160408032418180.XV.F1TN..HH  358    0    0    0    0    0 47.320    0    0    0    0 
      20160408032418180.AK.HDA..BH  362    0    0    0    0    0 47.646    0    0    0    0 
     20160408032418180.AT.MENT..BH  362    0    0    0    0    0 0.0000    0    0    0    0 
     20160408032418180.AK.RIDG..BH  364    0    0    1    1    1 49.1110    0    0    0    0 
     20160408032418180.XV.F2TN..HH  364    0    0    0    0    0 49.1110    0    0    0    0 
     20160408032418180.XV.FTGH..HH  364    0    0    0    0    0 49.1110    0    0    0    0 
     20160408032418180.XV.F8KN..HH  368    0    0    0    0    0 49.30      0    0    0    0 
     20160408032418180.AK.SUCK..BH  369    0    0    0    0    0 0.0000    0    0    0    0 
      20160408032418180.AK.CCB..BH  371    0    0    0    0    0 48.8930    0    0    0    0 
     20160408032418180.XV.F3TN..HH  371    0    0    0    0    0 0.0000    0    0    0    0 
     20160408032418180.XV.F4TN..HH  378    0    0    0    0    0 0.0000    0    0    0    0 
     20160408032418180.XV.F7TV..HH  378    0    0    0    0    0 49    0    0    0    0 
     20160408032418180.AK.KHIT..BH  379    0    0    0    0    0 0.0000    0    0    0    0 
     20160408032418180.XV.F6TP..HH  381    0    0    0    0    0 49.9    0    0    0    0 
     20160408032418180.AK.GRIN..BH  382    0    0    0    0    0 0.0000    0    0    0    0 
     20160408032418180.XV.F5MN..HH  384    0    0    0    0    0 50.52    0    0    0    0 
      20160408032418180.AK.DOT..BH  387    0    0    0    0    0 51    0    0    0    0 
     20160408032418180.AK.BGLC..BH  391    0    0    0    0    0 0.0000    0    0    0    0 
   20160408032418180.IU.COLA.10.BH  394    0    0    0    0    0 52.0380    0    0    0    0 
   20160408032418180.IU.COLA.00.BH  394    0    0    1    1    1 52.0380    0    0    0    0 
      20160408032418180.AK.WAX..BH  399    0    0    0    0    0 0.0000    0    0    0    0 
      20160408032418180.AK.MDM..BH  399    0    0    0    0    0 52.7990    0    0    0    0 
