      20150706004957492.AK.CUT..BH   42    0    0   0    0    0 11.2480    0    0    0    0 
      20150706004957492.AK.SKN..BH   42    1    1    0    0    0 11.1280    0    0    0    0 
      20150706004957492.AK.SSN..BH   74    0    0    0    0    0 14.1560    0    0    0    0 
      20150706004957492.AK.GHO..BH  106    1    1    0    0    0 17.5340    0    0    0    0 
      20150706004957492.AT.PMR..BH  106    0    0   0    0    0 17.1580    0    0    0    0 
     20150706004957492.AK.PPLA..BH  111    0    0    0    0    0 17.8990    0    0    0    0 
     20150706004957492.ZE.BULG..HH  113    1    1    0    0    0 17.9500    0    0    0    0 
     20150706004957492.AV.SPCG..BH  114    1    1    0    0    0 18.0880    0    0    0    0 
     20150706004957492.AK.FIRE..BH  114    1    1    0    0    0 19.0760    0    0    0    0 
  20150706004957492.AV.SPCP..BH  120    1    1    0    0    0 19.0280    0    0    0    0 
     20150706004957492.ZE.CONG..HH  123    1    1    0    0    0 19.4000    0    0    0    0 
     20150706004957492.AV.SPCN..BH  125    1    1    0    0    0 19.6880    0    0    0    0 
      20150706004957492.AK.WAT7..BH  128    1    1    0    0    0 19.9960    0    0    0    0 
     20150706004957492.AV.SPCR..BH  128    1    1    0    0    0 19.6880    0    0    0    0 
     20150706004957492.AV.SPBG..BH  128    0    0    0    0    0 20.0760    0    0    0    0 
 20150706004957492.AK.RC01..BH  129    1    1    0    0    0 19.2880    0    0    0    0 
     20150706004957492.ZE.WHIP..HH  130    0    0    0    0    0 19.3500    0    0    0    0 
      20150706004957492.AK.SAW..BH  134    1    1    0    0    0 20.5760    0    0    0    0 
     20150706004957492.AK.WAT1..HH  140    1    1    0    0    0 21.2160    0    0    0    0 
     20150706004957492.AK.KNK..BH  147    1    1    0    0    0 22.0560    0    0    0    0 
      20150706004957492.AK.TRF..BH  149    1    1    0    0    0 22.5560    0    0    0    0 
     20150706004957492.AK.CAPN..BH  153    0    0    0    0    0 24.2360    0    0    0    0 
     20150706004957492.ZE.HOPE..HH  154    1    1    0    0    0 24.2900    0    0    0    0 
 20150706004957492.ZE.MPEN..HH  156    0    0    0    0    0 0.0000    0    0    0    0 
      20150706004957492.AK.KTH..BH  159    1    1    0    0    0 23.8560    0    0    0    0 
     20150706004957492.ZE.SALA..HH  162    1    1    0    0    0 24.0000    0    0    0    0 
     20150706004957492.ZE.NSKI..HH  166    0    0    0    0    0 24.3160    0    0    0    0 
     20150706004957492.AK.WAT6..BH  166    1    1    0    0    0 24.3160    0    0    0    0 
  20150706004957492.AK.RND..BH  173    0    0    0    0    0 24.9960    0    0    0    0 
     20150706004957492.ZE.BING..HH  180    0    0    0    0    0 25.5500    0    0    0    0 
      20150706004957492.AK.SLK..BH  183    1    1    0    0    0 25.8960    0    0    0    0 
      20150706004957492.AK.SCM..BH  185    0    0    0    0    0 26.4160    0    0    0    0 
     20150706004957492.ZE.SOLD..HH  186    0    0    0    0    0 26.4800    0    0    0    0 
20150706004957492.ZE.KALN..HH  191    0    0    0    0    0 26.3000    0    0    0    0 
      20150706004957492.AK.PWL..BH  193    1    1    0    0    0 26.6160    0    0    0    0 
     20150706004957492.AV.RDDF..BH  199    1    1    0    0    0 28.0340    0    0    0    0 
      20150706004957492.AK.MCK..BH  202    0    0    0    0    0 28.7760    0    0    0    0 
     20150706004957492.ZE.HARR..HH  208    0    0    0    0    0 29.2000    0    0    0    0 
      20150706004957492.AV.NCT..BH  209    0    0    0    0    0 29.5680    0    0    0    0 
     20150706004957492.ZE.KALS..HH  209    0    0    0    0    0 29.5680    0    0    0    0 
   20150706004957492.AK.CHUM..BH  210    1    1    0    0    0 29.6330    0    0    0    0 
     20150706004957492.ZE.CLAM..HH  213    0    0    0    0    0 30.0000    0    0    0    0 
     20150706004957492.ZE.LTUY..HH  213    0    0    0    0    0 30.0000    0    0    0    0 
     20150706004957492.AV.RDSO..BH  214    1    1    0    0    0 30.1800    0    0    0    0 
      20150706004957492.AV.RED..BH  218    1    1    0    0    0 30.5880    0    0    0    0 
    20150706004957492.ZE.LTUX..HH  220    0    0    0    0    0 30.4740    0    0    0    0 
     20150706004957492.AK.BPAW..BH  220    1    1    0    0    0 30.4740    0    0    0    0 
     20150706004957492.ZE.LTUW..HH  234    1    1    0    0    0 30.9000    0    0    0    0 
     20150706004957492.ZE.NNIL..HH  237    0    0    0    0    0 31.9660    0    0    0    0 
      20150706004957492.AK.SWD..BH  237    1    1    0    0    0 31.9660    0    0    0    0 
      20150706004957492.AK.BWN..BH  240    0    0    0    0    0 33.0710    0    0    0    0 
      20150706004957492.AK.GLI..BH  241    1    1    0    0    0 32.1760    0    0    0    0 
    20150706004957492.ZE.HOLG..HH  262    1    1    0   0    0 35.7000    0    0    0    0 
      20150706004957492.AV.ILW..BH  263    0    0    0    0    0 0.0000    0    0    0    0 
      20150706004957492.AV.IVE..BH  264    0    0    0    0    0 35.9080    0    0    0    0 
     20150706004957492.AK.BRLK..BH  265    0    0    0    0    0 35.9000    0    0    0    0 
     20150706004957492.AK.BRSE..BH  266    0    0    0    0    0 35.2630    0    0    0    0 
      20150706004957492.AK.KLU..BH  267    1    1    0    0    0 35.7160    0    0    0    0 
      20150706004957492.AK.FID..BH  273    1    1    0    0    0 36.1760    0    0    0    0 
      20150706004957492.AK.HOM..BH  279    0    0    0    0    0 37.3300    0    0    0    0 
     20150706004957492.AT.SVW2..BH  280    1    1    0    0    0 37.4480    0    0    0    0 
      20150706004957492.AT.TTA..BH  283    0    0    0    0    0 37.8000    0    0    0    0 
  20150706004957492.AK.NEA2..BH  288    1    1    0    0   0 38.3280    0    0    0    0 
      20150706004957492.AK.DIV..BH  289    1    1    0    0    0 38.2560    0    0    0    0 
     20150706004957492.XV.FPAP..HH  290    1    1    0    0    0 39.6040    0    0    0    0 
      20150706004957492.AK.PAX..BH  290    1    1    0    0   0 39.6040    0    0    0    0 
      20150706004957492.AK.CNP..BH  291    1    1    0    0    0 40.2760    0    0    0    0 
      20150706004957492.AK.WRH..BH  294    1    1    0    0    0 39.4960    0    0    0    0 
      20150706004957492.AK.HIN..BH  301    1    1    0    0    0 39.2960    0    0    0    0 
     20150706004957492.XV.F3TN..HH  306    0    0    0    0    0 40.0000    0    0    0    0 
      20150706004957492.AK.CCB..BH  318    1    1    0    0    0 42.1960    0    0    0    0 
      20150706004957492.AK.HDA..BH  319    0    0    0    0    0 42.7280    0    0    0    0 
     20150706004957492.AK.EYAK..BH  323    0    0    0    0    0 41.8980    0    0    0    0 
      20150706004957492.AK.MLY..BH  323    1    1    0    0    0 42.7960    0    0    0    0 
     20150706004957492.AV.AU22..BH  338    0    0    0    0    0 44.0000    0    0    0    0 
   20150706004957492.IU.COLA.00.BH  339    1    1    0    0    0 45.0280    0    0    0    0 
 20150706004957492.IU.COLA.10.HH  339    1    1    0    0    0 45.0280    0    0    0    0 
   20150706004957492.IU.COLA.10.BH  339    1    1    0    0    0 45.0280    0    0    0    0 
      20150706004957492.AK.MDM..BH  340    1    1    0    0    0 45.1760    0    0    0    0 
     20150706004957492.AV.AUCH..BH  340    0    0    0    0    0 45.1760    0    0    0    0 
     20150706004957492.AV.AUSS..BH  340    0    0    0    0    0 45.1760    0    0    0    0 
      20150706004957492.AV.AUQ..BH  340   0    0    0    0    0 45.1760    0    0    0    0 
     20150706004957492.AV.AUWS..BH  341    0    0    0    0    0 45.1888    0    0    0    0 
     20150706004957492.AV.AUJA..BH  342    0    0    0    0    0 45.2200    0    0    0    0 
      20150706004957492.AK.SGA..BH  348    1    1    0    0    0 45.5555    0    0    0    0 
      20150706004957492.AK.BMR..BH  354    1    1    0    0    0 45.8140    0    0    0    0 
     20150706004957492.AT.MENT..BH  375    1    1    0    0    0 48.5000    0    0    0    0 
      20150706004957492.AK.GLB..BH  376    1    1    0    0    0 49.0160    0    0    0    0 
      20150706004957492.AK.DOT..BH  382    1    1    0    0    0 50.4790    0    0    0    0 
      20150706004957492.AT.MID..BH  387    0    0    0    0    0 51.3050    0    0    0    0 
    