     20160220000032337.AV.AU22..BH   33    0    0    0    0    0 15    0    0    0    0 
     20160220000032337.AV.AUSS..BH   35    0    0    0    0    0 16.6390    0    0    0    0 
      20160220000032337.AV.AUQ..BH   35    0    0    0    0    0 16.7630    0    0    0    0 
     20160220000032337.AV.AUWS..BH   35    0    0    0    0    0 16.7630    0    0    0    0 
     20160220000032337.AV.ILSW..BH   37    0    0    0    0    0 16.5310    0    0    0    0 
     20160220000032337.AV.AUJA..BH   37    0    0    0    0    0 16.5310    0    0    0    0 
     20160220000032337.AV.AUSB..BH   38    0    0    0    0    0 16.6630    0    0    0    0 
      20160220000032337.AV.RED..BH   89    1    1    0    0    0 19.6430    0    0    0    0 
      20160220000032337.AK.HOM..BH   91    0    0    1    1    1 19.9910    0    0    0    0 
     20160220000032337.AV.RDSO..BH   93    0    0    0    0    0 0.0000    0    0    0    0 
     20160220000032337.AV.RDWB..BH   95    1    1    0    0    0 20.1430    0    0    0    0 
     20160220000032337.ZE.NNIL..HH  100    0    0    0    0    0 20.5    0    0    0    0 
      20160220000032337.AV.NCT..BH  102    1    1    0    0    0 20.7030    0    0    0    0 
     20160220000032337.ZE.KALS..HH  102    0    0    0  0    0 20.7030    0    0    0    0 
     20160220000032337.ZE.HLC3..HH  105    1    1    0    0    0 20.91    0    0    0    0 
     20160220000032337.AV.RDJH..BH  107    1    1    0    0    0 21.1830    0    0    0    0 
     20160220000032337.AV.RDDF..BH  109    1    1    0    0    0 21.2630    0    0    0    0 
      20160220000032337.AK.CNP..BH  115    1    1    1    1    1 21.6510    0    0    0    0 
     20160220000032337.ZE.KALN..HH  121    0    0    0    0    0 22    0    0    0    0 
     20160220000032337.ZE.CLAM..HH  123    0    0    0    0    0 22.3    0    0    0    0 
     20160220000032337.ZE.HLC5..HH  128    1    1    1    1    1 22.89    0    0    0    0 
     20160220000032337.AK.BRLK..BH  133    1    1    0    0    1 23.2110    0    0    0    0 
     20160220000032337.ZE.LTUY..HH  135    0   0    0    0    0 23.4    0    0    0    0 
     20160220000032337.AK.BRSE..BH  142    1    1    1    1    0 23.9110    0    0    0    0 
     20160220000032337.ZE.LTUX..HH  144    0    0    0    0    0 24.2    0    0    0    0 
     20160220000032337.ZE.SALA..HH  148    0    0    0    0    0 24.5    0    0    0    0 
     20160220000032337.ZE.SOLD..HH  151    0   0    0    0    0 24.8    0    0    0    0 
     20160220000032337.ZE.NSKI..HH  157    0    0    0    0    0 25.4    0    0    0    0 
     20160220000032337.ZE.WFLS..HH  162    1    1    1    1    1 26  0    0    0    0 
     20160220000032337.AK.CAPN..BH  170    0    0    0    0    0 28.8510    0    0    0    0 
     20160220000032337.ZE.BING..HH  171    0    0    0    0   0 28.95    0    0    0    0 
     20160220000032337.ZE.WFLW..HH  178    1    1    1    1    1 28.5    0    0    0    0 
     20160220000032337.AV.SPCR..BH  181    1    1    0    0    0 28.3830    0    0    0    0 
     20160220000032337.AV.KAKN..BH  184    0    0    0    0    0 0.0000    0    0    0    0 
     20160220000032337.AV.SPCN..BH  184    0    0    0   0    0 0.0000    0    0    0    0 
     20160220000032337.AV.SPBG..BH  185    0    0   0    0    0 29.1230    0    0    0    0 
     20160220000032337.ZE.CONG..HH  187    0    0    0    0    0 0.0000    0    0    0    0 
     20160220000032337.AV.SPNN..BH  193   0    0    0    0    0 0.0000    0    0    0    0 
     20160220000032337.AV.KABU..BH  194    0    0    0    0    0 29.7270    0    0    0    0 
      20160220000032337.AK.SLK..BH  194    0    0    0    0    0 29.1510    0    0    0    0 
     20160220000032337.AV.SPCG..BH  194    1    1    0    0    0 29.9030    0    0    0    0 
     20160220000032337.ZE.MPEN..HH  195    0   0    0    0    0 30.1    0    0    0    0 
     20160220000032337.ZE.WHIP..HH  206    0    0    0    0    0 30.4    0    0    0    0 
     20160220000032337.AT.SVW2..BH  207    1    1    0    0   0 30.5090    0    0    0    0 
   20160220000032337.II.KDAK.10.BH  213    0    0    1    1    1 30.3150    0    0    0    0 
   20160220000032337.II.KDAK.00.BH  213    0    0    0    0    0 30.3150    0    0    0    0 
      20160220000032337.AK.SWD..BH  219    0    0    0    0    1 31.7710    0    0    0    0 
     20160220000032337.ZE.JUDD..HH  232    0    0    0    0    0 33    0    0    0    0 
     20160220000032337.AK.FIRE..BH  235    0    0    0    0    0 33.5    0    0    0    0 
     20160220000032337.ZE.HOPE..HH  244    0    0   0    0    0 34    0    0    0    0 
     20160220000032337.AK.RC01..BH  251    0    0    1    1    1 35.7230    0    0    0    0 
     20160220000032337.ZE.GOOS..HH  269    0    0    0    0    0 36    0    0    0    0 
     20160220000032337.AT.OHAK..BH  272    0    0    0    0    0 36.7230    0    0    0    0 
      20160220000032337.AK.PWL..BH  304    0    0    1    1    1 41.2510    0    0    0    0 
      20160220000032337.AT.PMR..BH  312    0    0   1    1    1 41.7160    0    0    0    0 
      20160220000032337.AK.KNK..BH  328    0    0    1    1    1 43.8710    0    0    0    0 
      20160220000032337.AK.GHO..BH  333    0    0    1    1    1 44.4680    0    0    0    0 
      20160220000032337.AK.CUT..BH  346    0    0    0    0    0 46.5840    0    0    0    0 
      20160220000032337.AK.SAW..BH  360    0    0    1    1    1 47.6110    0    0    0    0 
     20160220000032337.AK.PPLA..BH  365    0    0    1    1    1 49.8710    0    0    0    0 
      20160220000032337.AK.GLI..BH  367    0    0    0    0    0 47.8750    0    0    0    0 
      20160220000032337.AK.FID..BH  388    0    0    0    0    0 51.2210    0    0    0    0 
      20160220000032337.AT.MID..BH  392    0    0    0    0    0 51.9590    0    0    0    0 
      20160220000032337.AT.TTA..BH  393    0    0    0    0    0 52.0030    0    0    0    0 
