0.000000000e+00     0.000000000 
2.358553043e-03     0.362711997 
4.717106086e-03     0.418377957 
7.075659130e-03     0.455109995 
9.434212173e-03     0.483280887 
1.179276522e-02     0.506444495 
1.415131826e-02     0.526280562 
1.650987130e-02     0.543726722 
1.886842435e-02     0.559363771 
2.122697739e-02     0.573578298 
2.358553043e-02     0.586641577 
2.594408348e-02     0.598751821 
2.830263652e-02     0.610058613 
3.066118956e-02     0.620677799 
3.301974261e-02     0.630701085 
3.537829565e-02     0.640202381 
3.773684869e-02     0.649242209 
4.009540174e-02     0.657870793 
4.245395478e-02     0.666130311 
4.481250782e-02     0.674056534 
4.717106086e-02     0.681680114 
4.952961391e-02     0.689027496 
5.188816695e-02     0.696121697 
5.424671999e-02     0.702982862 
5.660527304e-02     0.709628743 
5.896382608e-02     0.716075062 
6.132237912e-02     0.722335822 
6.368093217e-02     0.728423545 
6.603948521e-02     0.734349485 
6.839803825e-02     0.740123791 
7.075659130e-02     0.745755651 
7.311514434e-02     0.751253413 
7.547369738e-02     0.756624686 
7.783225043e-02     0.761876423 
8.019080347e-02     0.767015001 
8.254935651e-02     0.772046280 
8.490790956e-02     0.776975660 
8.726646260e-02     0.781808129 
8.962501564e-02     0.786548302 
9.198356869e-02     0.791200463 
9.434212173e-02     0.795768591 
9.670067477e-02     0.800256394 
9.905922782e-02     0.804667328 
1.014177809e-01     0.809004625 
1.037763339e-01     0.813271309 
1.061348869e-01     0.817470214 
1.084934400e-01     0.821604003 
1.108519930e-01     0.825675177 
1.132105461e-01     0.829686092 
1.155690991e-01     0.833638968 
1.179276522e-01     0.837535900 
1.202862052e-01     0.841378868 
1.226447582e-01     0.845169745 
1.250033113e-01     0.848910306 
1.273618643e-01     0.852602231 
1.297204174e-01     0.856247117 
1.320789704e-01     0.859846478 
1.344375235e-01     0.863401755 
1.367960765e-01     0.866914322 
1.391546296e-01     0.870385483 
1.415131826e-01     0.873816485 
1.438717356e-01     0.877208514 
1.462302887e-01     0.880562707 
1.485888417e-01     0.883880145 
1.509473948e-01     0.887161866 
1.533059478e-01     0.890408861 
1.556645009e-01     0.893622080 
1.580230539e-01     0.896802434 
1.603816069e-01     0.899950795 
1.627401600e-01     0.903067999 
1.650987130e-01     0.906154852 
1.674572661e-01     0.909212124 
1.698158191e-01     0.912240559 
1.721743722e-01     0.915240869 
1.745329252e-01     0.918213741 
1.768914782e-01     0.921159838 
1.792500313e-01     0.924079795 
1.816085843e-01     0.926974226 
1.839671374e-01     0.929843724 
1.863256904e-01     0.932688859 
1.886842435e-01     0.935510182 
1.910427965e-01     0.938308225 
1.934013495e-01     0.941083502 
1.957599026e-01     0.943836508 
1.981184556e-01     0.946567724 
2.004770087e-01     0.949277614 
2.028355617e-01     0.951966629 
2.051941148e-01     0.954635204 
2.075526678e-01     0.957283758 
2.099112208e-01     0.959912700 
2.122697739e-01     0.962522424 
2.146283269e-01     0.965113313 
2.169868800e-01     0.967685741 
2.193454330e-01     0.970240068 
2.217039861e-01     0.972776643 
2.240625391e-01     0.975295805 
2.264210922e-01     0.977797881 
2.287796452e-01     0.980283196 
2.311381982e-01     0.982752061 
2.334967513e-01     0.985204776 
2.358553043e-01     0.987641634 
2.382138574e-01     0.990062922 
2.405724104e-01     0.992468919 
2.429309635e-01     0.994859897 
2.452895165e-01     0.997236115 
2.476480695e-01     0.999597830 
2.500066226e-01     1.001945295 
2.523651756e-01     1.004278753 
2.547237287e-01     1.006598436 
2.570822817e-01     1.008904577 
2.594408348e-01     1.011197405 
2.617993878e-01     1.013477136 
2.641579408e-01     1.015743982 
2.665164939e-01     1.017998154 
2.688750469e-01     1.020239858 
2.712336000e-01     1.022469288 
2.735921530e-01     1.024686638 
2.759507061e-01     1.026892103 
2.783092591e-01     1.029085864 
2.806678121e-01     1.031268098 
2.830263652e-01     1.033438988 
2.853849182e-01     1.035598705 
2.877434713e-01     1.037747412 
2.901020243e-01     1.039885278 
2.924605774e-01     1.042012467 
2.948191304e-01     1.044129130 
2.971776834e-01     1.046235423 
2.995362365e-01     1.048331501 
3.018947895e-01     1.050417505 
3.042533426e-01     1.052493580 
3.066118956e-01     1.054559874 
3.089704487e-01     1.056616516 
3.113290017e-01     1.058663645 
3.136875548e-01     1.060701397 
3.160461078e-01     1.062729894 
3.184046608e-01     1.064749270 
3.207632139e-01     1.066759648 
3.231217669e-01     1.068761144 
3.254803200e-01     1.070753886 
3.278388730e-01     1.072737987 
3.301974261e-01     1.074713559 
3.325559791e-01     1.076680722 
3.349145321e-01     1.078639578 
3.372730852e-01     1.080590240 
3.396316382e-01     1.082532816 
3.419901913e-01     1.084467402 
3.443487443e-01     1.086394110 
3.467072974e-01     1.088313035 
3.490658504e-01     1.090224274 
3.514244034e-01     1.092127930 
3.537829565e-01     1.094024088 
3.561415095e-01     1.095912851 
3.585000626e-01     1.097794305 
3.608586156e-01     1.099668538 
3.632171687e-01     1.101535645 
3.655757217e-01     1.103395703 
3.679342747e-01     1.105248808 
3.702928278e-01     1.107095035 
3.726513808e-01     1.108934468 
3.750099339e-01     1.110767193 
3.773684869e-01     1.112593279 
3.797270400e-01     1.114412816 
3.820855930e-01     1.116225870 
3.844441460e-01     1.118032523 
3.868026991e-01     1.119832847 
3.891612521e-01     1.121626912 
3.915198052e-01     1.123414797 
3.938783582e-01     1.125196562 
3.962369113e-01     1.126972288 
3.985954643e-01     1.128742033 
4.009540174e-01     1.130505870 
4.033125704e-01     1.132263864 
4.056711234e-01     1.134016077 
4.080296765e-01     1.135762580 
4.103882295e-01     1.137503425 
4.127467826e-01     1.139238686 
4.151053356e-01     1.140968412 
4.174638887e-01     1.142692675 
4.198224417e-01     1.144411523 
4.221809947e-01     1.146125023 
4.245395478e-01     1.147833227 
4.268981008e-01     1.149536194 
4.292566539e-01     1.151233980 
4.316152069e-01     1.152926635 
4.339737600e-01     1.154614222 
4.363323130e-01     1.156296783 
4.386908660e-01     1.157974381 
4.410494191e-01     1.159647058 
4.434079721e-01     1.161314875 
4.457665252e-01     1.162977872 
4.481250782e-01     1.164636108 
4.504836313e-01     1.166289622 
4.528421843e-01     1.167938472 
4.552007373e-01     1.169582697 
4.575592904e-01     1.171222350 
4.599178434e-01     1.172857472 
4.622763965e-01     1.174488112 
4.646349495e-01     1.176114313 
4.669935026e-01     1.177736120 
4.693520556e-01     1.179353576 
4.717106086e-01     1.180966724 
4.740691617e-01     1.182575608 
4.764277147e-01     1.184180266 
4.787862678e-01     1.185780745 
4.811448208e-01     1.187377080 
4.835033739e-01     1.188969316 
4.858619269e-01     1.190557488 
4.882204799e-01     1.192141640 
4.905790330e-01     1.193721806 
4.929375860e-01     1.195298029 
4.952961391e-01     1.196870341 
4.976546921e-01     1.198438787 
5.000132452e-01     1.200003394 
5.023717982e-01     1.201564207 
5.047303513e-01     1.203121255 
5.070889043e-01     1.204674580 
5.094474573e-01     1.206224211 
5.118060104e-01     1.207770187 
5.141645634e-01     1.209312537 
5.165231165e-01     1.210851300 
5.188816695e-01     1.212386505 
5.212402226e-01     1.213918188 
5.235987756e-01     1.215446380 
5.259573286e-01     1.216971113 
5.283158817e-01     1.218492419 
5.306744347e-01     1.220010328 
5.330329878e-01     1.221524875 
5.353915408e-01     1.223036083 
5.377500939e-01     1.224543992 
5.401086469e-01     1.226048622 
5.424671999e-01     1.227550012 
5.448257530e-01     1.229048181 
5.471843060e-01     1.230543170 
5.495428591e-01     1.232034993 
5.519014121e-01     1.233523693 
5.542599652e-01     1.235009285 
5.566185182e-01     1.236491808 
5.589770712e-01     1.237971278 
5.613356243e-01     1.239447733 
5.636941773e-01     1.240921189 
5.660527304e-01     1.242391682 
5.684112834e-01     1.243859230 
5.707698365e-01     1.245323865 
5.731283895e-01     1.246785609 
5.754869425e-01     1.248244487 
5.778454956e-01     1.249700529 
5.802040486e-01     1.251153750 
5.825626017e-01     1.252604187 
5.849211547e-01     1.254051851 
5.872797078e-01     1.255496779 
5.896382608e-01     1.256938982 
5.919968139e-01     1.258378495 
5.943553669e-01     1.259815331 
5.967139199e-01     1.261249521 
5.990724730e-01     1.262681082 
6.014310260e-01     1.264110040 
6.037895791e-01     1.265536417 
6.061481321e-01     1.266960232 
6.085066852e-01     1.268381513 
6.108652382e-01     1.269800271 
6.132237912e-01     1.271216542 
6.155823443e-01     1.272630332 
6.179408973e-01     1.274041675 
6.202994504e-01     1.275450580 
6.226580034e-01     1.276857078 
6.250165565e-01     1.278261183 
6.273751095e-01     1.279662915 
6.297336625e-01     1.281062301 
6.320922156e-01     1.282459349 
6.344507686e-01     1.283854093 
6.368093217e-01     1.285246537 
6.391678747e-01     1.286636714 
6.415264278e-01     1.288024632 
6.438849808e-01     1.289410318 
6.462435338e-01     1.290793787 
6.486020869e-01     1.292175055 
6.509606399e-01     1.293554149 
6.533191930e-01     1.294931075 
6.556777460e-01     1.296305864 
6.580362991e-01     1.297678521 
6.603948521e-01     1.299049076 
6.627534051e-01     1.300417536 
6.651119582e-01     1.301783924 
6.674705112e-01     1.303148259 
6.698290643e-01     1.304510550 
6.721876173e-01     1.305870826 
6.745461704e-01     1.307229090 
6.769047234e-01     1.308585372 
6.792632765e-01     1.309939677 
6.816218295e-01     1.311292028 
6.839803825e-01     1.312642441 
6.863389356e-01     1.313990927 
6.886974886e-01     1.315337512 
6.910560417e-01     1.316682198 
6.934145947e-01     1.318025015 
6.957731478e-01     1.319365966 
6.981317008e-01     1.320705074 
7.004902538e-01     1.322042354 
7.028488069e-01     1.323377815 
7.052073599e-01     1.324711483 
7.075659130e-01     1.326043360 
7.099244660e-01     1.327373473 
7.122830191e-01     1.328701826 
7.146415721e-01     1.330028439 
7.170001251e-01     1.331353329 
7.193586782e-01     1.332676502 
7.217172312e-01     1.333997984 
7.240757843e-01     1.335317776 
7.264343373e-01     1.336635903 
7.287928904e-01     1.337952372 
7.311514434e-01     1.339267197 
7.335099964e-01     1.340580400 
7.358685495e-01     1.341891981 
7.382271025e-01     1.343201968 
7.405856556e-01     1.344510361 
7.429442086e-01     1.345817182 
7.453027617e-01     1.347122443 
7.476613147e-01     1.348426151 
7.500198677e-01     1.349728330 
7.523784208e-01     1.351028980 
7.547369738e-01     1.352328125 
7.570955269e-01     1.353625771 
7.594540799e-01     1.354921930 
7.618126330e-01     1.356216623 
7.641711860e-01     1.357509850 
7.665297391e-01     1.358801636 
7.688882921e-01     1.360091982 
7.712468451e-01     1.361380906 
7.736053982e-01     1.362668423 
7.759639512e-01     1.363954535 
7.783225043e-01     1.365239266 
7.806810573e-01     1.366522618 
7.830396104e-01     1.367804607 
7.853981634e-01     1.369085247 
7.877567164e-01     1.370364542 
7.901152695e-01     1.371642516 
7.924738225e-01     1.372919166 
7.948323756e-01     1.374194513 
7.971909286e-01     1.375468566 
7.995494817e-01     1.376741332 
8.019080347e-01     1.378012832 
8.042665877e-01     1.379283065 
8.066251408e-01     1.380552051 
8.089836938e-01     1.381819798 
8.113422469e-01     1.383086313 
8.137007999e-01     1.384351617 
8.160593530e-01     1.385615707 
8.184179060e-01     1.386878606 
8.207764590e-01     1.388140318 
8.231350121e-01     1.389400851 
8.254935651e-01     1.390660227 
8.278521182e-01     1.391918441 
8.302106712e-01     1.393175516 
8.325692243e-01     1.394431457 
8.349277773e-01     1.395686270 
8.372863303e-01     1.396939977 
8.396448834e-01     1.398192574 
8.420034364e-01     1.399444082 
8.443619895e-01     1.400694506 
8.467205425e-01     1.401943853 
8.490790956e-01     1.403192144 
8.514376486e-01     1.404439374 
8.537962017e-01     1.405685564 
8.561547547e-01     1.406930720 
8.585133077e-01     1.408174847 
8.608718608e-01     1.409417966 
8.632304138e-01     1.410660073 
8.655889669e-01     1.411901187 
8.679475199e-01     1.413141316 
8.703060730e-01     1.414380463 
8.726646260e-01     1.415618649 
8.750231790e-01     1.416855870 
8.773817321e-01     1.418092144 
8.797402851e-01     1.419327481 
8.820988382e-01     1.420561880 
8.844573912e-01     1.421795365 
8.868159443e-01     1.423027931 
8.891744973e-01     1.424259594 
8.915330503e-01     1.425490367 
8.938916034e-01     1.426720247 
8.962501564e-01     1.427949256 
8.986087095e-01     1.429177393 
9.009672625e-01     1.430404669 
9.033258156e-01     1.431631100 
9.056843686e-01     1.432856682 
9.080429216e-01     1.434081435 
9.104014747e-01     1.435305362 
9.127600277e-01     1.436528470 
9.151185808e-01     1.437750776 
9.174771338e-01     1.438972277 
9.198356869e-01     1.440192989 
9.221942399e-01     1.441412921 
9.245527929e-01     1.442632074 
9.269113460e-01     1.443850468 
9.292698990e-01     1.445068099 
9.316284521e-01     1.446284982 
9.339870051e-01     1.447501128 
9.363455582e-01     1.448716535 
9.387041112e-01     1.449931223 
9.410626643e-01     1.451145192 
9.434212173e-01     1.452358450 
9.457797703e-01     1.453571015 
9.481383234e-01     1.454782880 
9.504968764e-01     1.455994066 
9.528554295e-01     1.457204575 
9.552139825e-01     1.458414412 
9.575725356e-01     1.459623595 
9.599310886e-01     1.460832120 
9.622896416e-01     1.462040001 
9.646481947e-01     1.463247249 
9.670067477e-01     1.464453862 
9.693653008e-01     1.465659859 
9.717238538e-01     1.466865240 
9.740824069e-01     1.468070013 
9.764409599e-01     1.469274194 
9.787995129e-01     1.470477778 
9.811580660e-01     1.471680782 
9.835166190e-01     1.472883212 
9.858751721e-01     1.474085069 
9.882337251e-01     1.475286372 
9.905922782e-01     1.476487118 
9.929508312e-01     1.477687319 
9.953093842e-01     1.478886986 
9.976679373e-01     1.480086117 
1.000026490e+00     1.481284730 
1.002385043e+00     1.482482825 
1.004743596e+00     1.483680410 
1.007102149e+00     1.484877500 
1.009460703e+00     1.486074090 
1.011819256e+00     1.487270197 
1.014177809e+00     1.488465827 
1.016536362e+00     1.489660980 
1.018894915e+00     1.490855675 
1.021253468e+00     1.492049908 
1.023612021e+00     1.493243690 
1.025970574e+00     1.494437036 
1.028329127e+00     1.495629939 
1.030687680e+00     1.496822417 
1.033046233e+00     1.498014475 
1.035404786e+00     1.499206114 
1.037763339e+00     1.500397352 
1.040121892e+00     1.501588185 
1.042480445e+00     1.502778625 
1.044838998e+00     1.503968684 
1.047197551e+00     1.505158357 
1.049556104e+00     1.506347663 
1.051914657e+00     1.507536603 
1.054273210e+00     1.508725181 
1.056631763e+00     1.509913415 
1.058990316e+00     1.511101299 
1.061348869e+00     1.512288847 
1.063707422e+00     1.513476069 
1.066065976e+00     1.514662960 
1.068424529e+00     1.515849541 
1.070783082e+00     1.517035810 
1.073141635e+00     1.518221773 
1.075500188e+00     1.519407447 
1.077858741e+00     1.520592825 
1.080217294e+00     1.521777923 
1.082575847e+00     1.522962749 
1.084934400e+00     1.524147300 
1.087292953e+00     1.525331595 
1.089651506e+00     1.526515632 
1.092010059e+00     1.527699417 
1.094368612e+00     1.528882968 
1.096727165e+00     1.530066278 
1.099085718e+00     1.531249361 
1.101444271e+00     1.532432226 
1.103802824e+00     1.533614871 
1.106161377e+00     1.534797313 
1.108519930e+00     1.535979550 
1.110878483e+00     1.537161591 
1.113237036e+00     1.538343450 
1.115595589e+00     1.539525122 
1.117954142e+00     1.540706621 
1.120312696e+00     1.541887955 
1.122671249e+00     1.543069121 
1.125029802e+00     1.544250139 
1.127388355e+00     1.545431006 
1.129746908e+00     1.546611729 
1.132105461e+00     1.547792323 
1.134464014e+00     1.548972783 
1.136822567e+00     1.550153123 
1.139181120e+00     1.551333352 
1.141539673e+00     1.552513466 
1.143898226e+00     1.553693484 
1.146256779e+00     1.554873403 
1.148615332e+00     1.556053232 
1.150973885e+00     1.557232985 
1.153332438e+00     1.558412657 
1.155690991e+00     1.559592261 
1.158049544e+00     1.560771806 
1.160408097e+00     1.561951290 
1.162766650e+00     1.563130730 
1.165125203e+00     1.564310125 
1.167483756e+00     1.565489481 
1.169842309e+00     1.566668814 
1.172200862e+00     1.567848118 
1.174559416e+00     1.569027407 
1.176917969e+00     1.570206690 
1.179276522e+00     1.571385964 
1.181635075e+00     1.572565246 
1.183993628e+00     1.573744536 
1.186352181e+00     1.574923840 
1.188710734e+00     1.576103173 
1.191069287e+00     1.577282529 
1.193427840e+00     1.578461923 
1.195786393e+00     1.579641364 
1.198144946e+00     1.580820847 
1.200503499e+00     1.582000392 
1.202862052e+00     1.583179997 
1.205220605e+00     1.584359668 
1.207579158e+00     1.585539421 
1.209937711e+00     1.586719250 
1.212296264e+00     1.587899170 
1.214654817e+00     1.589079188 
1.217013370e+00     1.590259302 
1.219371923e+00     1.591439530 
1.221730476e+00     1.592619871 
1.224089029e+00     1.593800330 
1.226447582e+00     1.594980925 
1.228806136e+00     1.596161648 
1.231164689e+00     1.597342515 
1.233523242e+00     1.598523532 
1.235881795e+00     1.599704699 
1.238240348e+00     1.600886033 
1.240598901e+00     1.602067532 
1.242957454e+00     1.603249203 
1.245316007e+00     1.604431063 
1.247674560e+00     1.605613103 
1.250033113e+00     1.606795341 
1.252391666e+00     1.607977783 
1.254750219e+00     1.609160427 
1.257108772e+00     1.610343293 
1.259467325e+00     1.611526376 
1.261825878e+00     1.612709685 
1.264184431e+00     1.613893236 
1.266542984e+00     1.615077022 
1.268901537e+00     1.616261059 
1.271260090e+00     1.617445354 
1.273618643e+00     1.618629905 
1.275977196e+00     1.619814731 
1.278335749e+00     1.620999828 
1.280694302e+00     1.622185207 
1.283052856e+00     1.623370881 
1.285411409e+00     1.624556844 
1.287769962e+00     1.625743113 
1.290128515e+00     1.626929693 
1.292487068e+00     1.628116585 
1.294845621e+00     1.629303807 
1.297204174e+00     1.630491354 
1.299562727e+00     1.631679238 
1.301921280e+00     1.632867472 
1.304279833e+00     1.634056051 
1.306638386e+00     1.635244991 
1.308996939e+00     1.636434297 
1.311355492e+00     1.637623970 
1.313714045e+00     1.638814029 
1.316072598e+00     1.640004469 
1.318431151e+00     1.641195302 
1.320789704e+00     1.642386540 
1.323148257e+00     1.643578179 
1.325506810e+00     1.644770236 
1.327865363e+00     1.645962715 
1.330223916e+00     1.647155618 
1.332582469e+00     1.648348963 
1.334941022e+00     1.649542745 
1.337299576e+00     1.650736979 
1.339658129e+00     1.651931674 
1.342016682e+00     1.653126826 
1.344375235e+00     1.654322457 
1.346733788e+00     1.655518563 
1.349092341e+00     1.656715153 
1.351450894e+00     1.657912244 
1.353809447e+00     1.659109828 
1.356168000e+00     1.660307924 
1.358526553e+00     1.661506537 
1.360885106e+00     1.662705667 
1.363243659e+00     1.663905335 
1.365602212e+00     1.665105536 
1.367960765e+00     1.666306281 
1.370319318e+00     1.667507585 
1.372677871e+00     1.668709442 
1.375036424e+00     1.669911872 
1.377394977e+00     1.671114876 
1.379753530e+00     1.672318460 
1.382112083e+00     1.673522641 
1.384470636e+00     1.674727414 
1.386829189e+00     1.675932794 
1.389187742e+00     1.677138792 
1.391546296e+00     1.678345405 
1.393904849e+00     1.679552653 
1.396263402e+00     1.680760534 
1.398621955e+00     1.681969059 
1.400980508e+00     1.683178242 
1.403339061e+00     1.684388079 
1.405697614e+00     1.685598588 
1.408056167e+00     1.686809773 
1.410414720e+00     1.688021639 
1.412773273e+00     1.689234203 
1.415131826e+00     1.690447462 
1.417490379e+00     1.691661431 
1.419848932e+00     1.692876119 
1.422207485e+00     1.694091526 
1.424566038e+00     1.695307672 
1.426924591e+00     1.696524554 
1.429283144e+00     1.697742185 
1.431641697e+00     1.698960579 
1.434000250e+00     1.700179732 
1.436358803e+00     1.701399664 
1.438717356e+00     1.702620377 
1.441075909e+00     1.703841877 
1.443434462e+00     1.705064184 
1.445793016e+00     1.706287292 
1.448151569e+00     1.707511219 
1.450510122e+00     1.708735972 
1.452868675e+00     1.709961554 
1.455227228e+00     1.711187985 
1.457585781e+00     1.712415261 
1.459944334e+00     1.713643398 
1.462302887e+00     1.714872407 
1.464661440e+00     1.716102287 
1.467019993e+00     1.717333059 
1.469378546e+00     1.718564722 
1.471737099e+00     1.719797289 
1.474095652e+00     1.721030773 
1.476454205e+00     1.722265173 
1.478812758e+00     1.723500509 
1.481171311e+00     1.724736783 
1.483529864e+00     1.725974004 
1.485888417e+00     1.727212190 
1.488246970e+00     1.728451337 
1.490605523e+00     1.729691466 
1.492964076e+00     1.730932580 
1.495322629e+00     1.732174687 
1.497681182e+00     1.733417806 
1.500039735e+00     1.734661934 
1.502398289e+00     1.735907090 
1.504756842e+00     1.737153280 
1.507115395e+00     1.738400510 
1.509473948e+00     1.739648800 
1.511832501e+00     1.740898147 
1.514191054e+00     1.742148572 
1.516549607e+00     1.743400079 
1.518908160e+00     1.744652676 
1.521266713e+00     1.745906383 
1.523625266e+00     1.747161197 
1.525983819e+00     1.748417137 
1.528342372e+00     1.749674212 
1.530700925e+00     1.750932427 
1.533059478e+00     1.752191802 
1.535418031e+00     1.753452336 
1.537776584e+00     1.754714048 
1.540135137e+00     1.755976946 
1.542493690e+00     1.757241037 
1.544852243e+00     1.758506341 
1.547210796e+00     1.759772856 
1.549569349e+00     1.761040602 
1.551927902e+00     1.762309589 
1.554286455e+00     1.763579821 
1.556645009e+00     1.764851322 
1.559003562e+00     1.766124088 
1.561362115e+00     1.767398141 
1.563720668e+00     1.768673488 
1.566079221e+00     1.769950138 
1.568437774e+00     1.771228111 
1.570796327e+00     1.772507406 
1.573154880e+00     1.773788047 
1.575513433e+00     1.775070036 
1.577871986e+00     1.776353387 
1.580230539e+00     1.777638119 
1.582589092e+00     1.778924231 
1.584947645e+00     1.780211748 
1.587306198e+00     1.781500671 
1.589664751e+00     1.782791018 
1.592023304e+00     1.784082803 
1.594381857e+00     1.785376030 
1.596740410e+00     1.786670723 
1.599098963e+00     1.787966883 
1.601457516e+00     1.789264529 
1.603816069e+00     1.790563673 
1.606174622e+00     1.791864323 
1.608533175e+00     1.793166503 
1.610891729e+00     1.794470211 
1.613250282e+00     1.795775472 
1.615608835e+00     1.797082292 
1.617967388e+00     1.798390686 
1.620325941e+00     1.799700672 
1.622684494e+00     1.801012254 
1.625043047e+00     1.802325456 
1.627401600e+00     1.803640282 
1.629760153e+00     1.804956751 
1.632118706e+00     1.806274878 
1.634477259e+00     1.807594670 
1.636835812e+00     1.808916152 
1.639194365e+00     1.810239324 
1.641552918e+00     1.811564215 
1.643911471e+00     1.812890828 
1.646270024e+00     1.814219181 
1.648628577e+00     1.815549294 
1.650987130e+00     1.816881170 
1.653345683e+00     1.818214838 
1.655704236e+00     1.819550299 
1.658062789e+00     1.820887579 
1.660421342e+00     1.822226687 
1.662779895e+00     1.823567639 
1.665138449e+00     1.824910455 
1.667497002e+00     1.826255142 
1.669855555e+00     1.827601726 
1.672214108e+00     1.828950212 
1.674572661e+00     1.830300625 
1.676931214e+00     1.831652977 
1.679289767e+00     1.833007282 
1.681648320e+00     1.834363563 
1.684006873e+00     1.835721827 
1.686365426e+00     1.837082103 
1.688723979e+00     1.838444395 
1.691082532e+00     1.839808729 
1.693441085e+00     1.841175117 
1.695799638e+00     1.842543578 
1.698158191e+00     1.843914132 
1.700516744e+00     1.845286789 
1.702875297e+00     1.846661579 
1.705233850e+00     1.848038505 
1.707592403e+00     1.849417598 
1.709950956e+00     1.850798867 
1.712309509e+00     1.852182335 
1.714668062e+00     1.853568022 
1.717026615e+00     1.854955939 
1.719385169e+00     1.856346117 
1.721743722e+00     1.857738561 
1.724102275e+00     1.859133304 
1.726460828e+00     1.860530353 
1.728819381e+00     1.861929738 
1.731177934e+00     1.863331471 
1.733536487e+00     1.864735576 
1.735895040e+00     1.866142073 
1.738253593e+00     1.867550979 
1.740612146e+00     1.868962322 
1.742970699e+00     1.870376112 
1.745329252e+00     1.871792382 
1.747687805e+00     1.873211141 
1.750046358e+00     1.874632422 
1.752404911e+00     1.876056236 
1.754763464e+00     1.877482613 
1.757122017e+00     1.878911571 
1.759480570e+00     1.880343132 
1.761839123e+00     1.881777323 
1.764197676e+00     1.883214158 
1.766556229e+00     1.884653672 
1.768914782e+00     1.886095874 
1.771273335e+00     1.887540802 
1.773631889e+00     1.888988466 
1.775990442e+00     1.890438903 
1.778348995e+00     1.891892125 
1.780707548e+00     1.893348166 
1.783066101e+00     1.894807045 
1.785424654e+00     1.896268789 
1.787783207e+00     1.897733423 
1.790141760e+00     1.899200972 
1.792500313e+00     1.900671465 
1.794858866e+00     1.902144921 
1.797217419e+00     1.903621376 
1.799575972e+00     1.905100845 
1.801934525e+00     1.906583369 
1.804293078e+00     1.908068960 
1.806651631e+00     1.909557660 
1.809010184e+00     1.911049484 
1.811368737e+00     1.912544472 
1.813727290e+00     1.914042641 
1.816085843e+00     1.915544032 
1.818444396e+00     1.917048661 
1.820802949e+00     1.918556570 
1.823161502e+00     1.920067779 
1.825520055e+00     1.921582325 
1.827878609e+00     1.923100234 
1.830237162e+00     1.924621541 
1.832595715e+00     1.926146274 
1.834954268e+00     1.927674465 
1.837312821e+00     1.929206148 
1.839671374e+00     1.930741354 
1.842029927e+00     1.932280117 
1.844388480e+00     1.933822467 
1.846747033e+00     1.935368443 
1.849105586e+00     1.936918073 
1.851464139e+00     1.938471398 
1.853822692e+00     1.940028446 
1.856181245e+00     1.941589260 
1.858539798e+00     1.943153867 
1.860898351e+00     1.944722312 
1.863256904e+00     1.946294624 
1.865615457e+00     1.947870848 
1.867974010e+00     1.949451013 
1.870332563e+00     1.951035166 
1.872691116e+00     1.952623338 
1.875049669e+00     1.954215574 
1.877408222e+00     1.955811908 
1.879766775e+00     1.957412387 
1.882125329e+00     1.959017046 
1.884483882e+00     1.960625930 
1.886842435e+00     1.962239077 
1.889200988e+00     1.963856534 
1.891559541e+00     1.965478341 
1.893918094e+00     1.967104541 
1.896276647e+00     1.968735182 
1.898635200e+00     1.970370303 
1.900993753e+00     1.972009957 
1.903352306e+00     1.973654181 
1.905710859e+00     1.975303031 
1.908069412e+00     1.976956545 
1.910427965e+00     1.978614782 
1.912786518e+00     1.980277778 
1.915145071e+00     1.981945596 
1.917503624e+00     1.983618272 
1.919862177e+00     1.985295871 
1.922220730e+00     1.986978432 
1.924579283e+00     1.988666018 
1.926937836e+00     1.990358674 
1.929296389e+00     1.992056460 
1.931654942e+00     1.993759426 
1.934013495e+00     1.995467630 
1.936372048e+00     1.997181131 
1.938730602e+00     1.998899979 
1.941089155e+00     2.000624242 
1.943447708e+00     2.002353968 
1.945806261e+00     2.004089229 
1.948164814e+00     2.005830074 
1.950523367e+00     2.007576576 
1.952881920e+00     2.009328789 
1.955240473e+00     2.011086783 
1.957599026e+00     2.012850621 
1.959957579e+00     2.014620366 
1.962316132e+00     2.016396092 
1.964674685e+00     2.018177857 
1.967033238e+00     2.019965742 
1.969391791e+00     2.021759806 
1.971750344e+00     2.023560131 
1.974108897e+00     2.025366784 
1.976467450e+00     2.027179838 
1.978826003e+00     2.028999374 
1.981184556e+00     2.030825461 
1.983543109e+00     2.032658185 
1.985901662e+00     2.034497618 
1.988260215e+00     2.036343846 
1.990618768e+00     2.038196950 
1.992977322e+00     2.040057009 
1.995335875e+00     2.041924116 
1.997694428e+00     2.043798349 
2.000052981e+00     2.045679803 
2.002411534e+00     2.047568566 
2.004770087e+00     2.049464724 
2.007128640e+00     2.051368380 
2.009487193e+00     2.053279618 
2.011845746e+00     2.055198543 
2.014204299e+00     2.057125252 
2.016562852e+00     2.059059838 
2.018921405e+00     2.061002414 
2.021279958e+00     2.062953076 
2.023638511e+00     2.064911932 
2.025997064e+00     2.066879095 
2.028355617e+00     2.068854666 
2.030714170e+00     2.070838767 
2.033072723e+00     2.072831510 
2.035431276e+00     2.074833006 
2.037789829e+00     2.076843384 
2.040148382e+00     2.078862759 
2.042506935e+00     2.080891256 
2.044865488e+00     2.082929008 
2.047224042e+00     2.084976138 
2.049582595e+00     2.087032780 
2.051941148e+00     2.089099073 
2.054299701e+00     2.091175149 
2.056658254e+00     2.093261153 
2.059016807e+00     2.095357230 
2.061375360e+00     2.097463523 
2.063733913e+00     2.099580186 
2.066092466e+00     2.101707375 
2.068451019e+00     2.103845241 
2.070809572e+00     2.105993949 
2.073168125e+00     2.108153666 
2.075526678e+00     2.110324555 
2.077885231e+00     2.112506790 
2.080243784e+00     2.114700551 
2.082602337e+00     2.116906015 
2.084960890e+00     2.119123365 
2.087319443e+00     2.121352796 
2.089677996e+00     2.123594500 
2.092036549e+00     2.125848672 
2.094395102e+00     2.128115517 
2.096753655e+00     2.130395249 
2.099112208e+00     2.132688076 
2.101470762e+00     2.134994217 
2.103829315e+00     2.137313901 
2.106187868e+00     2.139647358 
2.108546421e+00     2.141994824 
2.110904974e+00     2.144356538 
2.113263527e+00     2.146732757 
2.115622080e+00     2.149123734 
2.117980633e+00     2.151529732 
2.120339186e+00     2.153951019 
2.122697739e+00     2.156387877 
2.125056292e+00     2.158840593 
2.127414845e+00     2.161309457 
2.129773398e+00     2.163794772 
2.132131951e+00     2.166296849 
2.134490504e+00     2.168816010 
2.136849057e+00     2.171352585 
2.139207610e+00     2.173906913 
2.141566163e+00     2.176479341 
2.143924716e+00     2.179070230 
2.146283269e+00     2.181679954 
2.148641822e+00     2.184308896 
2.151000375e+00     2.186957450 
2.153358928e+00     2.189626024 
2.155717482e+00     2.192315040 
2.158076035e+00     2.195024930 
2.160434588e+00     2.197756146 
2.162793141e+00     2.200509152 
2.165151694e+00     2.203284428 
2.167510247e+00     2.206082471 
2.169868800e+00     2.208903794 
2.172227353e+00     2.211748929 
2.174585906e+00     2.214618427 
2.176944459e+00     2.217512859 
2.179303012e+00     2.220432816 
2.181661565e+00     2.223378912 
2.184020118e+00     2.226351785 
2.186378671e+00     2.229352095 
2.188737224e+00     2.232380529 
2.191095777e+00     2.235437802 
2.193454330e+00     2.238524654 
2.195812883e+00     2.241641859 
2.198171436e+00     2.244790219 
2.200529989e+00     2.247970573 
2.202888542e+00     2.251183793 
2.205247095e+00     2.254430788 
2.207605648e+00     2.257712509 
2.209964202e+00     2.261029947 
2.212322755e+00     2.264384139 
2.214681308e+00     2.267776169 
2.217039861e+00     2.271207170 
2.219398414e+00     2.274678332 
2.221756967e+00     2.278190898 
2.224115520e+00     2.281746176 
2.226474073e+00     2.285345537 
2.228832626e+00     2.288990422 
2.231191179e+00     2.292682348 
2.233549732e+00     2.296422909 
2.235908285e+00     2.300213786 
2.238266838e+00     2.304056754 
2.240625391e+00     2.307953686 
2.242983944e+00     2.311906562 
2.245342497e+00     2.315917476 
2.247701050e+00     2.319988650 
2.250059603e+00     2.324122439 
2.252418156e+00     2.328321345 
2.254776709e+00     2.332588029 
2.257135262e+00     2.336925326 
2.259493815e+00     2.341336260 
2.261852368e+00     2.345824063 
2.264210922e+00     2.350392191 
2.266569475e+00     2.355044352 
2.268928028e+00     2.359784525 
2.271286581e+00     2.364616993 
2.273645134e+00     2.369546373 
2.276003687e+00     2.374577652 
2.278362240e+00     2.379716231 
2.280720793e+00     2.384967968 
2.283079346e+00     2.390339240 
2.285437899e+00     2.395837003 
2.287796452e+00     2.401468863 
2.290155005e+00     2.407243169 
2.292513558e+00     2.413169108 
2.294872111e+00     2.419256832 
2.297230664e+00     2.425517591 
2.299589217e+00     2.431963911 
2.301947770e+00     2.438609791 
2.304306323e+00     2.445470957 
2.306664876e+00     2.452565158 
2.309023429e+00     2.459912540 
2.311381982e+00     2.467536119 
2.313740535e+00     2.475462343 
2.316099088e+00     2.483721860 
2.318457642e+00     2.492350444 
2.320816195e+00     2.501390272 
2.323174748e+00     2.510891569 
2.325533301e+00     2.520914854 
2.327891854e+00     2.531534041 
2.330250407e+00     2.542840832 
2.332608960e+00     2.554951077 
2.334967513e+00     2.568014356 
2.337326066e+00     2.582228882 
2.339684619e+00     2.597865932 
2.342043172e+00     2.615312091 
2.344401725e+00     2.635148158 
2.346760278e+00     2.658311767 
2.349118831e+00     2.686482659 
2.351477384e+00     2.723214696 
2.353835937e+00     2.778880656 
2.356194490e+00     3.141592654 
