-10.0   9.6  0.0 925 1.93e-02
 10.0 -26.4  1.0 197 4.11e-03
  0.0  70.8  4.0 47952 1.00e+00
 10.0 -46.2  5.0 601 1.25e-02
 30.0 -37.7  7.0 47952 1.00e+00
-20.0  62.7  4.0 47952 1.00e+00
-15.0 -37.7  2.0 30 6.26e-04
 10.0 -62.7  7.0 47952 1.00e+00
-15.0 -22.9  2.0 2347 4.89e-02
-25.0 -22.9  2.0 2220 4.63e-02
 15.0 -62.7  7.0 47952 1.00e+00
-25.0  51.1  4.0 47952 1.00e+00
 30.0 -70.8  7.0 47952 1.00e+00
 15.0  30.0  0.0 1004 2.09e-02
 30.0   0.0  0.0 3141 6.55e-02
 15.0 -26.4  1.0 388 8.09e-03
 20.0 -26.4  0.0 3 6.26e-05
-10.0  56.4  4.0 47952 1.00e+00
-25.0 -12.8  1.0 49 1.02e-03
-20.0 -46.2  3.0 83 1.73e-03
-15.0 -56.4  7.0 47952 1.00e+00
  0.0 -46.2  4.0 248 5.17e-03
 -5.0  -3.2  0.0 290 6.05e-03
-10.0 -37.7  2.0 49 1.02e-03
  5.0  62.7  4.0 47952 1.00e+00
  0.0  -9.6  0.0 148 3.09e-03
-10.0   0.0  0.0 282 5.88e-03
 15.0 -56.4  7.0 47952 1.00e+00
-15.0 -41.8  3.0 764 1.59e-02
 10.0  37.7  0.0 145 3.02e-03
-20.0   3.2  0.0 152 3.17e-03
 30.0  46.2  1.0 527 1.10e-02
  0.0   9.6  0.0 2502 5.22e-02
 20.0 -56.4  7.0 47952 1.00e+00
 -5.0 -19.5  1.0 255 5.32e-03
 15.0 -12.8  0.0 1365 2.85e-02
-20.0  -9.6  1.0 413 8.61e-03
 20.0  -6.4  0.0 2461 5.13e-02
  0.0  22.9  0.0 1889 3.94e-02
 30.0 -12.8  0.0 1902 3.97e-02
 30.0 -62.7  7.0 47952 1.00e+00
 -5.0  16.1  0.0 2260 4.71e-02
 15.0  33.7  0.0 497 1.04e-02
 30.0 -51.1  7.0 47952 1.00e+00
 10.0 -30.0  1.0 16 3.34e-04
 15.0   9.6  0.0 3191 6.65e-02
-10.0  37.7  0.0 117 2.44e-03
  0.0  16.1  0.0 2447 5.10e-02
-10.0  62.7  4.0 47952 1.00e+00
 20.0  51.1  2.0 1690 3.52e-02
 30.0 -56.4  7.0 47952 1.00e+00
 25.0  37.7  0.0 82 1.71e-03
-30.0  -3.2  1.0 970 2.02e-02
 20.0 -51.1  7.0 47952 1.00e+00
-30.0  26.4  0.0 1473 3.07e-02
 15.0  -6.4  0.0 2155 4.49e-02
 30.0 -30.0  1.0 743 1.55e-02
-15.0   9.6  0.0 651 1.36e-02
 30.0  51.1  2.0 1992 4.15e-02
-30.0 -56.4  7.0 47952 1.00e+00
  5.0  26.4  0.0 1480 3.09e-02
-10.0  41.8  1.0 237 4.94e-03
 20.0  19.5  0.0 2633 5.49e-02
  0.0 -26.4  1.0 17 3.55e-04
 30.0 -16.1  0.0 1451 3.03e-02
 -5.0  37.7  0.0 150 3.13e-03
 -5.0 -37.7  2.0 60 1.25e-03
-20.0  41.8  2.0 192 4.00e-03
 25.0   0.0  0.0 3139 6.55e-02
-25.0   0.0  0.0 1 2.09e-05
-15.0   6.4  0.0 449 9.36e-03
 15.0  22.9  0.0 2098 4.38e-02
  5.0 -37.7  2.0 69 1.44e-03
 20.0  37.7  0.0 99 2.06e-03
  0.0 -70.8  7.0 47952 1.00e+00
  5.0 -33.7  2.0 473 9.86e-03
  5.0  -3.2  0.0 1602 3.34e-02
  5.0  41.8  1.0 1041 2.17e-02
-25.0  16.1  0.0 842 1.76e-02
-10.0  -6.4  0.0 73 1.52e-03
 -5.0 -62.7  7.0 47952 1.00e+00
 30.0  56.4  4.0 47952 1.00e+00
 -5.0 -46.2  3.0 8 1.67e-04
-10.0  12.8  0.0 1311 2.73e-02
 15.0  46.2  1.0 358 7.47e-03
  0.0 -33.7  2.0 425 8.86e-03
-15.0  51.1  4.0 47952 1.00e+00
  5.0 -16.1  0.0 52 1.08e-03
 20.0 -70.8  7.0 47952 1.00e+00
 25.0  33.7  0.0 501 1.04e-02
 10.0 -33.7  2.0 543 1.13e-02
-30.0 -16.1  2.0 3999 8.34e-02
  5.0  51.1  2.0 392 8.17e-03
-15.0  -6.4  0.0 14 2.92e-04
-25.0 -46.2  3.0 101 2.11e-03
-25.0 -16.1  2.0 4090 8.53e-02
 30.0 -41.8  7.0 47952 1.00e+00
  5.0  -6.4  0.0 988 2.06e-02
-15.0   0.0  0.0 169 3.52e-03
-20.0  16.1  0.0 959 2.00e-02
 25.0 -12.8  0.0 1822 3.80e-02
-20.0 -16.1  1.0 28 5.84e-04
 25.0  22.9  0.0 2141 4.46e-02
  0.0   0.0  0.0 1085 2.26e-02
-30.0 -46.2  3.0 115 2.40e-03
-25.0 -56.4  7.0 47952 1.00e+00
  0.0 -16.1  0.0 15 3.13e-04
-15.0  30.0  0.0 855 1.78e-02
-30.0 -70.8  7.0 47952 1.00e+00
-15.0 -33.7  2.0 262 5.46e-03
-25.0  62.7  4.0 47952 1.00e+00
 -5.0 -16.1  1.0 560 1.17e-02
-20.0 -12.8  1.0 144 3.00e-03
 10.0   9.6  0.0 3015 6.29e-02
 15.0  19.5  0.0 2555 5.33e-02
-30.0 -12.8  2.0 5025 1.05e-01
 15.0  -3.2  0.0 2514 5.24e-02
  5.0  19.5  0.0 2353 4.91e-02
 -5.0  51.1  4.0 47952 1.00e+00
-20.0   6.4  0.0 318 6.63e-03
-20.0  46.2  4.0 47952 1.00e+00
-15.0 -46.2  3.0 55 1.15e-03
 25.0 -30.0  1.0 493 1.03e-02
 30.0  22.9  0.0 2124 4.43e-02
 25.0  -6.4  0.0 2662 5.55e-02
 30.0 -19.5  0.0 932 1.94e-02
  0.0  62.7  4.0 47952 1.00e+00
 20.0  30.0  0.0 1006 2.10e-02
 20.0  56.4  4.0 47952 1.00e+00
 30.0 -26.4  0.0 106 2.21e-03
-30.0  56.4  4.0 47952 1.00e+00
-10.0 -70.8  7.0 47952 1.00e+00
 20.0   3.2  0.0 3188 6.65e-02
 25.0   6.4  0.0 3343 6.97e-02
 -5.0 -12.8  0.0 16 3.34e-04
-30.0 -51.1  5.0 3436 7.17e-02
-20.0 -56.4  7.0 47952 1.00e+00
  0.0  30.0  0.0 938 1.96e-02
 25.0  16.1  0.0 3055 6.37e-02
  5.0   9.6  0.0 2834 5.91e-02
 15.0  12.8  0.0 3087 6.44e-02
-25.0  26.4  0.0 1477 3.08e-02
 20.0 -22.9  0.0 230 4.80e-03
 -5.0   6.4  0.0 1176 2.45e-02
 10.0 -22.9  0.0 1 2.09e-05
 30.0  37.7  0.0 65 1.36e-03
 -5.0  26.4  0.0 1301 2.71e-02
  0.0  19.5  0.0 2237 4.67e-02
 10.0  33.7  0.0 480 1.00e-02
 10.0 -70.8  7.0 47952 1.00e+00
-20.0 -62.7  7.0 47952 1.00e+00
 15.0   0.0  0.0 2776 5.79e-02
 25.0 -51.1  7.0 47952 1.00e+00
-30.0 -37.7  3.0 1845 3.85e-02
-10.0  19.5  0.0 1911 3.99e-02
-30.0 -41.8  3.0 878 1.83e-02
-25.0 -33.7  2.0 217 4.53e-03
 -5.0  12.8  0.0 2174 4.53e-02
-30.0  -9.6  1.0 137 2.86e-03
 -5.0  33.7  0.0 504 1.05e-02
 15.0  51.1  2.0 1354 2.82e-02
-20.0  12.8  0.0 697 1.45e-02
 25.0  70.8  4.0 47952 1.00e+00
-25.0   3.2  0.0 69 1.44e-03
-30.0  37.7  4.0 47952 1.00e+00
-25.0 -37.7  2.0 1 2.09e-05
 -5.0 -51.1  5.0 499 1.04e-02
  5.0  12.8  0.0 2770 5.78e-02
-10.0  46.2  2.0 441 9.20e-03
 10.0  16.1  0.0 2756 5.75e-02
 20.0   6.4  0.0 3272 6.82e-02
 10.0 -37.7  2.0 53 1.11e-03
 15.0 -30.0  1.0 79 1.65e-03
 20.0  62.7  4.0 47952 1.00e+00
 25.0  -9.6  0.0 2267 4.73e-02
-30.0   3.2  1.0 2590 5.40e-02
-15.0  -3.2  0.0 67 1.40e-03
 15.0   6.4  0.0 3157 6.58e-02
 -5.0 -30.0  2.0 911 1.90e-02
-25.0  22.9  0.0 1409 2.94e-02
-15.0  22.9  0.0 1537 3.21e-02
-30.0 -26.4  2.0 1298 2.71e-02
-25.0 -26.4  2.0 1336 2.79e-02
  0.0 -19.5  1.0 483 1.01e-02
 -5.0  46.2  2.0 1612 3.36e-02
 25.0 -16.1  0.0 1351 2.82e-02
 30.0  33.7  0.0 479 9.99e-03
-25.0  19.5  0.0 1129 2.35e-02
-15.0  62.7  4.0 47952 1.00e+00
-30.0  41.8  4.0 47952 1.00e+00
-25.0  30.0  0.0 1096 2.29e-02
-15.0 -70.8  7.0 47952 1.00e+00
 10.0   0.0  0.0 2522 5.26e-02
  0.0  56.4  4.0 47952 1.00e+00
-10.0 -46.2  3.0 30 6.26e-04
 -5.0  22.9  0.0 1758 3.67e-02
 25.0 -37.7  3.0 4 8.34e-05
  0.0   6.4  0.0 2210 4.61e-02
-30.0  70.8  4.0 47952 1.00e+00
 10.0  51.1  2.0 910 1.90e-02
-25.0  -3.2  1.0 1107 2.31e-02
-15.0  41.8  1.0 32 6.67e-04
 10.0  12.8  0.0 2977 6.21e-02
 15.0  62.7  4.0 47952 1.00e+00
 10.0  56.4  4.0 47952 1.00e+00
-25.0 -19.5  2.0 3132 6.53e-02
-25.0  -9.6  1.0 193 4.02e-03
 10.0  46.2  1.0 248 5.17e-03
 -5.0  -9.6  0.0 78 1.63e-03
  5.0  46.2  1.0 133 2.77e-03
-20.0 -37.7  2.0 9 1.88e-04
-20.0  22.9  0.0 1435 2.99e-02
 30.0  16.1  0.0 3101 6.47e-02
 30.0 -46.2  7.0 47952 1.00e+00
 15.0  41.8  1.0 1391 2.90e-02
 20.0  46.2  1.0 457 9.53e-03
-15.0  19.5  0.0 1479 3.08e-02
-10.0  26.4  0.0 1250 2.61e-02
 20.0  33.7  0.0 495 1.03e-02
-25.0  56.4  4.0 47952 1.00e+00
-30.0  12.8  0.0 551 1.15e-02
  5.0 -56.4  7.0 47952 1.00e+00
 25.0  56.4  4.0 47952 1.00e+00
-20.0  -6.4  1.0 821 1.71e-02
 25.0 -26.4  0.0 54 1.13e-03
  5.0 -12.8  0.0 143 2.98e-03
  5.0  37.7  0.0 156 3.25e-03
-15.0  26.4  0.0 1233 2.57e-02
 25.0 -33.7  2.0 469 9.78e-03
  5.0  22.9  0.0 1936 4.04e-02
 20.0  -9.6  0.0 2086 4.35e-02
-10.0 -56.4  7.0 47952 1.00e+00
-10.0   6.4  0.0 675 1.41e-02
-20.0  37.7  0.0 13 2.71e-04
 20.0   0.0  0.0 2990 6.24e-02
  5.0 -30.0  2.0 1118 2.33e-02
 20.0 -46.2  7.0 47952 1.00e+00
-20.0  -3.2  0.0 9 1.88e-04
  5.0   3.2  0.0 2403 5.01e-02
 30.0   9.6  0.0 3365 7.02e-02
 15.0 -51.1  7.0 47952 1.00e+00
-25.0  12.8  0.0 599 1.25e-02
 30.0  26.4  0.0 1561 3.26e-02
 25.0 -22.9  0.0 387 8.07e-03
-10.0  -9.6  0.0 16 3.34e-04
-20.0 -70.8  7.0 47952 1.00e+00
 30.0  41.8  1.0 1529 3.19e-02
-15.0 -51.1  5.0 2221 4.63e-02
 10.0  62.7  4.0 47952 1.00e+00
-10.0 -19.5  1.0 89 1.86e-03
  0.0  -3.2  0.0 547 1.14e-02
-15.0  -9.6  1.0 728 1.52e-02
 30.0  -3.2  0.0 3040 6.34e-02
  0.0   3.2  0.0 1819 3.79e-02
-25.0  33.7  0.0 348 7.26e-03
 10.0  22.9  0.0 2065 4.31e-02
 20.0 -37.7  2.0 1 2.09e-05
  5.0  30.0  0.0 950 1.98e-02
-20.0 -30.0  2.0 715 1.49e-02
  5.0 -46.2  4.0 12 2.50e-04
-10.0 -51.1  5.0 1407 2.93e-02
 25.0 -62.7  7.0 47952 1.00e+00
 -5.0   0.0  0.0 468 9.76e-03
-20.0  51.1  4.0 47952 1.00e+00
 20.0 -19.5  0.0 648 1.35e-02
  0.0  26.4  0.0 1396 2.91e-02
 -5.0  19.5  0.0 2100 4.38e-02
 20.0  70.8  4.0 47952 1.00e+00
-30.0 -22.9  2.0 2156 4.50e-02
  0.0  51.1  4.0 47952 1.00e+00
 10.0  -6.4  0.0 1719 3.58e-02
 30.0  -6.4  0.0 2694 5.62e-02
 30.0  19.5  0.0 2689 5.61e-02
  0.0  12.8  0.0 2567 5.35e-02
 -5.0  70.8  4.0 47952 1.00e+00
-30.0  46.2  4.0 47952 1.00e+00
-10.0  33.7  0.0 503 1.05e-02
  0.0  46.2  1.0 33 6.88e-04
 25.0  62.7  4.0 47952 1.00e+00
 15.0 -19.5  0.0 276 5.76e-03
 20.0 -62.7  7.0 47952 1.00e+00
 15.0 -33.7  2.0 577 1.20e-02
 15.0  70.8  4.0 47952 1.00e+00
 20.0  22.9  0.0 2159 4.50e-02
 -5.0 -26.4  2.0 1656 3.45e-02
  0.0 -51.1  7.0 47952 1.00e+00
 10.0  -3.2  0.0 2144 4.47e-02
 -5.0  62.7  4.0 47952 1.00e+00
  5.0   0.0  0.0 2082 4.34e-02
  5.0   6.4  0.0 2647 5.52e-02
-10.0 -26.4  2.0 1518 3.17e-02
-10.0  30.0  0.0 887 1.85e-02
 25.0  51.1  2.0 1923 4.01e-02
 15.0  56.4  4.0 47952 1.00e+00
 -5.0  -6.4  0.0 166 3.46e-03
-20.0  19.5  0.0 1238 2.58e-02
-20.0 -51.1  5.0 2868 5.98e-02
 -5.0  56.4  4.0 47952 1.00e+00
-15.0  46.2  4.0 47952 1.00e+00
-10.0  51.1  4.0 47952 1.00e+00
-15.0  33.7  0.0 504 1.05e-02
-20.0  30.0  0.0 837 1.75e-02
 -5.0  30.0  0.0 894 1.86e-02
 25.0  19.5  0.0 2677 5.58e-02
-10.0 -12.8  1.0 658 1.37e-02
  5.0 -62.7  7.0 47952 1.00e+00
 20.0  -3.2  0.0 2747 5.73e-02
-20.0 -26.4  2.0 1418 2.96e-02
  0.0  -6.4  0.0 323 6.74e-03
 15.0  -9.6  0.0 1787 3.73e-02
-15.0 -26.4  2.0 1471 3.07e-02
 10.0 -12.8  0.0 672 1.40e-02
 10.0   3.2  0.0 2762 5.76e-02
 -5.0 -33.7  2.0 383 7.99e-03
-20.0   0.0  0.0 68 1.42e-03
-10.0 -22.9  1.0 7 1.46e-04
  0.0 -62.7  7.0 47952 1.00e+00
 10.0  -9.6  0.0 1309 2.73e-02
-20.0  70.8  4.0 47952 1.00e+00
-10.0  -3.2  0.0 149 3.11e-03
 30.0 -22.9  0.0 458 9.55e-03
-15.0  70.8  4.0 47952 1.00e+00
  5.0 -41.8  3.0 216 4.50e-03
  5.0  33.7  0.0 495 1.03e-02
 20.0  12.8  0.0 3193 6.66e-02
 15.0  26.4  0.0 1573 3.28e-02
-30.0   9.6  0.0 357 7.44e-03
-10.0 -16.1  1.0 298 6.21e-03
-20.0 -22.9  2.0 2236 4.66e-02
 25.0  41.8  1.0 1523 3.18e-02
-25.0 -70.8  7.0 47952 1.00e+00
  5.0  70.8  4.0 47952 1.00e+00
  0.0 -12.8  0.0 52 1.08e-03
  5.0 -51.1  7.0 47952 1.00e+00
 25.0  26.4  0.0 1574 3.28e-02
 20.0  16.1  0.0 2985 6.22e-02
 -5.0 -70.8  7.0 47952 1.00e+00
-30.0  -6.4  1.0 416 8.68e-03
 10.0  70.8  4.0 47952 1.00e+00
-25.0  37.7  1.0 13 2.71e-04
 25.0  -3.2  0.0 2914 6.08e-02
-15.0 -12.8  1.0 346 7.22e-03
-10.0 -62.7  7.0 47952 1.00e+00
  5.0  -9.6  0.0 314 6.55e-03
 30.0   6.4  0.0 3324 6.93e-02
-10.0  70.8  4.0 47952 1.00e+00
 25.0 -56.4  7.0 47952 1.00e+00
-20.0  26.4  0.0 1287 2.68e-02
-25.0 -51.1  5.0 3274 6.83e-02
-10.0 -33.7  2.0 318 6.63e-03
  5.0 -26.4  1.0 99 2.06e-03
  0.0  33.7  0.0 505 1.05e-02
 10.0 -19.5  0.0 35 7.30e-04
 -5.0 -41.8  3.0 513 1.07e-02
-10.0 -41.8  3.0 651 1.36e-02
-30.0  30.0  0.0 1202 2.51e-02
-15.0 -16.1  1.0 122 2.54e-03
-20.0 -41.8  3.0 854 1.78e-02
-25.0 -41.8  3.0 899 1.87e-02
  5.0 -70.8  7.0 47952 1.00e+00
 25.0 -70.8  7.0 47952 1.00e+00
 -5.0 -22.9  1.0 54 1.13e-03
 15.0 -70.8  7.0 47952 1.00e+00
 25.0  12.8  0.0 3270 6.82e-02
 15.0 -22.9  0.0 13 2.71e-04
-30.0 -30.0  2.0 610 1.27e-02
 20.0  41.8  1.0 1489 3.11e-02
  5.0  56.4  4.0 47952 1.00e+00
 -5.0   3.2  0.0 707 1.47e-02
-30.0 -19.5  2.0 3102 6.47e-02
 30.0 -33.7  2.0 356 7.42e-03
-15.0  56.4  4.0 47952 1.00e+00
 30.0  62.7  4.0 47952 1.00e+00
 10.0 -51.1  7.0 47952 1.00e+00
-10.0  22.9  0.0 1640 3.42e-02
  0.0 -37.7  2.0 70 1.46e-03
 25.0 -41.8  7.0 47952 1.00e+00
  0.0 -56.4  7.0 47952 1.00e+00
 25.0  30.0  0.0 998 2.08e-02
 10.0  41.8  1.0 1260 2.63e-02
-15.0 -62.7  7.0 47952 1.00e+00
 10.0 -56.4  7.0 47952 1.00e+00
 20.0 -41.8  5.0 212 4.42e-03
 15.0 -37.7  2.0 24 5.01e-04
 25.0 -19.5  0.0 866 1.81e-02
 15.0  16.1  0.0 2884 6.01e-02
 10.0   6.4  0.0 2988 6.23e-02
 15.0 -41.8  3.0 1 2.09e-05
 30.0  30.0  0.0 994 2.07e-02
-30.0  22.9  0.0 1349 2.81e-02
 -5.0  41.8  1.0 481 1.00e-02
 -5.0 -56.4  7.0 47952 1.00e+00
 20.0 -33.7  2.0 625 1.30e-02
-15.0  16.1  0.0 1162 2.42e-02
-30.0   0.0  1.0 1717 3.58e-02
-30.0  62.7  4.0 47952 1.00e+00
-25.0 -62.7  7.0 47952 1.00e+00
-15.0 -30.0  2.0 749 1.56e-02
 30.0  12.8  0.0 3272 6.82e-02
 25.0  46.2  1.0 514 1.07e-02
-20.0  33.7  0.0 463 9.66e-03
 10.0 -16.1  0.0 161 3.36e-03
 25.0   3.2  0.0 3240 6.76e-02
-30.0   6.4  0.0 143 2.98e-03
  0.0 -41.8  3.0 359 7.49e-03
 10.0  30.0  0.0 965 2.01e-02
  5.0  16.1  0.0 2651 5.53e-02
 10.0 -41.8  3.0 82 1.71e-03
 25.0 -46.2  7.0 47952 1.00e+00
-25.0   6.4  0.0 194 4.05e-03
-25.0  46.2  4.0 47952 1.00e+00
 10.0  19.5  0.0 2442 5.09e-02
  0.0  41.8  1.0 799 1.67e-02
  5.0 -22.9  1.0 345 7.19e-03
  5.0 -19.5  0.0 13 2.71e-04
 30.0  70.8  4.0 47952 1.00e+00
-15.0 -19.5  1.0 15 3.13e-04
-15.0  37.7  0.0 64 1.33e-03
 25.0   9.6  0.0 3337 6.96e-02
 30.0  -9.6  0.0 2311 4.82e-02
 15.0   3.2  0.0 3026 6.31e-02
 10.0  26.4  0.0 1543 3.22e-02
  0.0  37.7  0.0 160 3.34e-03
  0.0 -22.9  1.0 188 3.92e-03
-20.0   9.6  0.0 500 1.04e-02
-25.0  -6.4  1.0 555 1.16e-02
 15.0 -46.2  7.0 47952 1.00e+00
 20.0  26.4  0.0 1550 3.23e-02
 -5.0   9.6  0.0 1902 3.97e-02
 15.0  37.7  0.0 137 2.86e-03
-30.0  33.7  0.0 348 7.26e-03
-15.0  12.8  0.0 888 1.85e-02
  0.0 -30.0  2.0 990 2.06e-02
 20.0 -12.8  0.0 1686 3.52e-02
-30.0  51.1  4.0 47952 1.00e+00
-20.0 -19.5  2.0 3209 6.69e-02
-30.0 -33.7  2.0 191 3.98e-03
 30.0   3.2  0.0 3267 6.81e-02
-30.0 -62.7  7.0 47952 1.00e+00
 20.0 -30.0  1.0 190 3.96e-03
-25.0  70.8  4.0 47952 1.00e+00
-10.0  16.1  0.0 1882 3.92e-02
-10.0   3.2  0.0 470 9.80e-03
-30.0  19.5  0.0 1055 2.20e-02
-10.0 -30.0  2.0 814 1.70e-02
-20.0 -33.7  2.0 223 4.65e-03
-20.0  56.4  4.0 47952 1.00e+00
-25.0  41.8  4.0 47952 1.00e+00
-25.0 -30.0  2.0 660 1.38e-02
 15.0 -16.1  0.0 819 1.71e-02
 20.0 -16.1  0.0 1182 2.46e-02
-30.0  16.1  0.0 790 1.65e-02
-25.0   9.6  0.0 376 7.84e-03
-15.0   3.2  0.0 283 5.90e-03
 20.0   9.6  0.0 3285 6.85e-02
