-10.0   9.1  0.0 55 1.13e-03
 10.0 -18.4  1.0 166 3.41e-03
  0.0  71.3  4.0 48618 1.00e+00
 30.0 -39.2  7.0 48618 1.00e+00
  0.0  52.1  4.0 48618 1.00e+00
-15.0 -18.4  2.0 585 1.20e-02
-25.0 -24.9  2.0 282 5.80e-03
 15.0 -43.2  5.0 194 3.99e-03
-20.0 -31.8  2.0 18 3.70e-04
-30.0  24.9  0.0 22 4.53e-04
 25.0 -28.3  0.0 22 4.53e-04
 30.0 -71.3  7.0 48618 1.00e+00
 25.0   0.0  0.0 410 8.43e-03
-15.0  24.9  0.0 285 5.86e-03
 20.0 -18.4  0.0 431 8.87e-03
-10.0  35.4  0.0 23 4.73e-04
-15.0  -6.0  2.0 1299 2.67e-02
-25.0 -43.2  3.0 17 3.50e-04
-20.0 -39.2  3.0 299 6.15e-03
-15.0 -57.4  7.0 48618 1.00e+00
 20.0  57.4  4.0 48618 1.00e+00
-10.0  63.5  4.0 48618 1.00e+00
 25.0 -52.1  7.0 48618 1.00e+00
-20.0  63.5  4.0 48618 1.00e+00
  0.0 -15.3  1.0 12 2.47e-04
 -5.0 -15.3  2.0 935 1.92e-02
  0.0 -35.4  2.0 7 1.44e-04
 -5.0   6.0  0.0 115 2.37e-03
-10.0 -47.5  4.0 75 1.54e-03
 15.0 -57.4  7.0 48618 1.00e+00
 30.0  24.9  0.0 30 6.17e-04
  0.0  63.5  4.0 48618 1.00e+00
-10.0   0.0  1.0 59 1.21e-03
-15.0   6.0  1.0 58 1.19e-03
  0.0   9.1  0.0 278 5.72e-03
 20.0 -71.3  7.0 48618 1.00e+00
-15.0   3.0  1.0 38 7.82e-04
 15.0 -15.3  0.0 287 5.90e-03
-30.0  31.8  0.0 155 3.19e-03
-20.0 -35.4  3.0 680 1.40e-02
 20.0 -39.2  4.0 8 1.65e-04
  0.0  12.2  0.0 277 5.70e-03
 -5.0  31.8  0.0 84 1.73e-03
 25.0  -6.0  0.0 502 1.03e-02
-30.0   6.0  2.0 1823 3.75e-02
 30.0 -15.3  0.0 679 1.40e-02
 -5.0  21.6  0.0 270 5.55e-03
 15.0   0.0  0.0 421 8.66e-03
 15.0  39.2  1.0 379 7.80e-03
-25.0  -3.0  2.0 1267 2.61e-02
 30.0 -52.1  7.0 48618 1.00e+00
 15.0   9.1  0.0 289 5.94e-03
 -5.0  57.4  4.0 48618 1.00e+00
-30.0  43.2  4.0 48618 1.00e+00
 20.0  28.3  0.0 23 4.73e-04
 30.0 -35.4  7.0 48618 1.00e+00
 30.0  21.6  0.0 72 1.48e-03
 20.0 -31.8  2.0 75 1.54e-03
 15.0 -47.5  7.0 48618 1.00e+00
 20.0 -21.6  0.0 226 4.65e-03
 15.0 -21.6  0.0 1 2.06e-05
 15.0  57.4  4.0 48618 1.00e+00
 15.0  47.5  2.0 2522 5.19e-02
-15.0   9.1  1.0 134 2.76e-03
 30.0  28.3  0.0 4 8.23e-05
-30.0 -57.4  7.0 48618 1.00e+00
  5.0  24.9  0.0 149 3.06e-03
-25.0  -6.0  2.0 1073 2.21e-02
 15.0  63.5  4.0 48618 1.00e+00
  0.0 -24.9  2.0 369 7.59e-03
 25.0  47.5  2.0 2852 5.87e-02
-25.0 -31.8  2.0 5 1.03e-04
 -5.0 -39.2  3.0 150 3.09e-03
-15.0  43.2  2.0 501 1.03e-02
 25.0 -47.5  7.0 48618 1.00e+00
-25.0 -63.5  7.0 48618 1.00e+00
-15.0  21.6  0.0 225 4.63e-03
 15.0  24.9  0.0 90 1.85e-03
 25.0  24.9  0.0 39 8.02e-04
 -5.0   3.0  0.0 63 1.30e-03
  0.0 -57.4  7.0 48618 1.00e+00
-15.0 -12.2  2.0 914 1.88e-02
 15.0   6.0  0.0 333 6.85e-03
 15.0  -3.0  0.0 427 8.78e-03
  5.0 -43.2  4.0 194 3.99e-03
-25.0  15.3  1.0 49 1.01e-03
 10.0 -57.4  7.0 48618 1.00e+00
 30.0  35.4  1.0 561 1.15e-02
  5.0   6.0  0.0 316 6.50e-03
-10.0  21.6  0.0 275 5.66e-03
 15.0 -28.3  1.0 1 2.06e-05
  5.0 -21.6  2.0 713 1.47e-02
 30.0 -57.4  7.0 48618 1.00e+00
 25.0  43.2  1.0 191 3.93e-03
-10.0  15.3  0.0 181 3.72e-03
 -5.0 -52.1  7.0 48618 1.00e+00
-15.0  57.4  4.0 48618 1.00e+00
  5.0 -18.4  1.0 19 3.91e-04
-25.0 -15.3  2.0 725 1.49e-02
 30.0 -24.9  0.0 443 9.11e-03
-15.0 -63.5  7.0 48618 1.00e+00
-20.0  21.6  0.0 127 2.61e-03
 25.0 -15.3  0.0 640 1.32e-02
 20.0 -57.4  7.0 48618 1.00e+00
-20.0 -43.2  3.0 16 3.29e-04
 15.0  12.2  0.0 251 5.16e-03
-25.0 -18.4  2.0 592 1.22e-02
  0.0 -63.5  7.0 48618 1.00e+00
  5.0  57.4  4.0 48618 1.00e+00
-25.0 -57.4  7.0 48618 1.00e+00
  0.0 -21.6  2.0 585 1.20e-02
-30.0 -71.3  7.0 48618 1.00e+00
-15.0 -21.6  2.0 443 9.11e-03
 10.0  57.4  4.0 48618 1.00e+00
-10.0  43.2  1.0 2 4.11e-05
 10.0   9.1  0.0 305 6.27e-03
-30.0 -15.3  2.0 712 1.46e-02
 15.0  31.8  0.0 9 1.85e-04
-25.0   6.0  2.0 1793 3.69e-02
 -5.0  52.1  4.0 48618 1.00e+00
  5.0  28.3  0.0 90 1.85e-03
-20.0  15.3  0.0 5 1.03e-04
 30.0  12.2  0.0 230 4.73e-03
 25.0  28.3  0.0 11 2.26e-04
 25.0 -21.6  0.0 545 1.12e-02
 30.0 -63.5  7.0 48618 1.00e+00
 10.0 -47.5  7.0 48618 1.00e+00
 10.0 -43.2  4.0 14 2.88e-04
 20.0  35.4  1.0 581 1.20e-02
 30.0 -18.4  0.0 712 1.46e-02
 20.0  47.5  2.0 2739 5.63e-02
-30.0  35.4  4.0 48618 1.00e+00
-20.0 -21.6  2.0 442 9.09e-03
-10.0 -71.3  7.0 48618 1.00e+00
 25.0  21.6  0.0 73 1.50e-03
 -5.0 -43.2  3.0 2 4.11e-05
-30.0 -31.8  3.0 1067 2.19e-02
-20.0 -57.4  7.0 48618 1.00e+00
-25.0  31.8  0.0 182 3.74e-03
  0.0  -3.0  0.0 61 1.25e-03
  5.0  47.5  2.0 1749 3.60e-02
  5.0  52.1  4.0 48618 1.00e+00
 15.0 -35.4  3.0 237 4.87e-03
  5.0   3.0  0.0 341 7.01e-03
  5.0   9.1  0.0 310 6.38e-03
 -5.0  28.3  0.0 155 3.19e-03
 15.0  21.6  0.0 113 2.32e-03
-25.0  18.4  1.0 135 2.78e-03
 20.0 -12.2  0.0 540 1.11e-02
 15.0  -6.0  0.0 473 9.73e-03
-10.0  47.5  4.0 48618 1.00e+00
 20.0  24.9  0.0 58 1.19e-03
 25.0 -12.2  0.0 595 1.22e-02
-30.0 -47.5  4.0 398 8.19e-03
 20.0   3.0  0.0 383 7.88e-03
 10.0 -12.2  0.0 132 2.72e-03
  5.0 -24.9  2.0 436 8.97e-03
 30.0  47.5  2.0 2912 5.99e-02
  0.0   0.0  0.0 168 3.46e-03
  0.0 -52.1  7.0 48618 1.00e+00
 10.0  39.2  1.0 357 7.34e-03
 10.0   3.0  0.0 368 7.57e-03
  0.0 -71.3  7.0 48618 1.00e+00
 10.0  24.9  0.0 110 2.26e-03
 10.0 -71.3  7.0 48618 1.00e+00
 15.0 -63.5  7.0 48618 1.00e+00
 25.0 -31.8  1.0 13 2.67e-04
-30.0 -43.2  3.0 13 2.67e-04
-10.0 -63.5  7.0 48618 1.00e+00
-30.0 -18.4  2.0 602 1.24e-02
 -5.0  -6.0  1.0 51 1.05e-03
  5.0  71.3  4.0 48618 1.00e+00
 -5.0  15.3  0.0 275 5.66e-03
-30.0  -9.1  2.0 912 1.88e-02
 -5.0  43.2  1.0 47 9.67e-04
-15.0 -31.8  2.0 30 6.17e-04
-25.0  57.4  4.0 48618 1.00e+00
-20.0  39.2  1.0 6 1.23e-04
 -5.0 -71.3  7.0 48618 1.00e+00
 25.0  71.3  4.0 48618 1.00e+00
-25.0  21.6  0.0 23 4.73e-04
 -5.0 -31.8  2.0 49 1.01e-03
  5.0  15.3  0.0 254 5.22e-03
 20.0 -35.4  3.0 90 1.85e-03
 20.0  15.3  0.0 188 3.87e-03
 10.0 -15.3  0.0 21 4.32e-04
 25.0 -35.4  3.0 8 1.65e-04
-15.0 -43.2  3.0 15 3.09e-04
 15.0  15.3  0.0 188 3.87e-03
 15.0  52.1  2.0 356 7.32e-03
-20.0   3.0  1.0 6 1.23e-04
-15.0  18.4  0.0 172 3.54e-03
-30.0 -12.2  2.0 832 1.71e-02
-30.0   3.0  2.0 1627 3.35e-02
  5.0  -3.0  0.0 261 5.37e-03
  5.0 -52.1  7.0 48618 1.00e+00
  0.0  24.9  0.0 174 3.58e-03
 25.0  31.8  1.0 856 1.76e-02
-25.0 -47.5  4.0 373 7.67e-03
 30.0  57.4  4.0 48618 1.00e+00
 20.0 -28.3  1.0 63 1.30e-03
-30.0  12.2  2.0 2118 4.36e-02
 25.0  57.4  4.0 48618 1.00e+00
-15.0 -71.3  7.0 48618 1.00e+00
 10.0 -63.5  7.0 48618 1.00e+00
  0.0  35.4  0.0 6 1.23e-04
-30.0  -6.0  2.0 1070 2.20e-02
 20.0  52.1  2.0 555 1.14e-02
 25.0 -43.2  7.0 48618 1.00e+00
  0.0  21.6  0.0 236 4.85e-03
-30.0  71.3  4.0 48618 1.00e+00
 10.0  28.3  0.0 63 1.30e-03
  0.0 -12.2  1.0 50 1.03e-03
 20.0   6.0  0.0 321 6.60e-03
-25.0 -39.2  3.0 348 7.16e-03
 10.0  21.6  0.0 164 3.37e-03
-10.0  -6.0  1.0 9 1.85e-04
 10.0  35.4  1.0 611 1.26e-02
-25.0   0.0  2.0 1433 2.95e-02
-25.0  -9.1  2.0 963 1.98e-02
 -5.0 -35.4  2.0 3 6.17e-05
-20.0  18.4  0.0 55 1.13e-03
 10.0  47.5  2.0 2217 4.56e-02
-30.0 -21.6  2.0 446 9.17e-03
 15.0   3.0  0.0 353 7.26e-03
 -5.0 -12.2  1.0 4 8.23e-05
-15.0   0.0  1.0 11 2.26e-04
-20.0  57.4  4.0 48618 1.00e+00
 -5.0  12.2  0.0 216 4.44e-03
-10.0  18.4  0.0 242 4.98e-03
 20.0  43.2  1.0 184 3.78e-03
-25.0  35.4  0.0 7 1.44e-04
 -5.0  47.5  2.0 387 7.96e-03
  5.0  -9.1  0.0 31 6.38e-04
 25.0  35.4  1.0 565 1.16e-02
-10.0  -3.0  1.0 33 6.79e-04
-20.0  35.4  0.0 16 3.29e-04
 25.0 -24.9  0.0 286 5.88e-03
  5.0 -15.3  1.0 76 1.56e-03
-10.0 -28.3  2.0 150 3.09e-03
 -5.0 -18.4  2.0 736 1.51e-02
-10.0   6.0  0.0 12 2.47e-04
 20.0  -9.1  0.0 523 1.08e-02
-10.0 -57.4  7.0 48618 1.00e+00
  0.0  57.4  4.0 48618 1.00e+00
-20.0   6.0  1.0 11 2.26e-04
 30.0  39.2  1.0 389 8.00e-03
-20.0  31.8  0.0 216 4.44e-03
 20.0 -47.5  7.0 48618 1.00e+00
-20.0  71.3  4.0 48618 1.00e+00
 20.0 -43.2  7.0 48618 1.00e+00
 30.0  -6.0  0.0 500 1.03e-02
-15.0  31.8  0.0 143 2.94e-03
-15.0  12.2  0.0 17 3.50e-04
 30.0   6.0  0.0 342 7.03e-03
 20.0  63.5  4.0 48618 1.00e+00
 30.0   9.1  0.0 281 5.78e-03
 15.0 -52.1  7.0 48618 1.00e+00
-30.0  63.5  4.0 48618 1.00e+00
-25.0  39.2  4.0 48618 1.00e+00
-25.0  28.3  0.0 197 4.05e-03
 30.0  18.4  0.0 122 2.51e-03
 25.0 -18.4  0.0 657 1.35e-02
 15.0 -18.4  0.0 93 1.91e-03
-10.0 -35.4  3.0 605 1.24e-02
-20.0 -71.3  7.0 48618 1.00e+00
 10.0 -31.8  2.0 64 1.32e-03
 30.0  -3.0  0.0 464 9.54e-03
-15.0 -52.1  5.0 20 4.11e-04
 -5.0 -47.5  4.0 10 2.06e-04
  0.0  -6.0  0.0 4 8.23e-05
 10.0  31.8  0.0 20 4.11e-04
-15.0 -35.4  3.0 665 1.37e-02
  0.0  15.3  0.0 263 5.41e-03
-25.0  43.2  4.0 48618 1.00e+00
 10.0  12.2  0.0 256 5.27e-03
  5.0 -39.2  3.0 57 1.17e-03
-10.0 -52.1  6.0 3810 7.84e-02
  0.0  43.2  1.0 87 1.79e-03
-10.0  -9.1  2.0 1248 2.57e-02
 -5.0 -63.5  7.0 48618 1.00e+00
-20.0  28.3  0.0 273 5.62e-03
 20.0 -63.5  7.0 48618 1.00e+00
  0.0  18.4  0.0 280 5.76e-03
-30.0  52.1  4.0 48618 1.00e+00
  0.0  31.8  0.0 61 1.25e-03
 -5.0   0.0  0.0 8 1.65e-04
 20.0  71.3  4.0 48618 1.00e+00
-20.0  47.5  4.0 48618 1.00e+00
-30.0 -24.9  2.0 283 5.82e-03
  0.0  28.3  0.0 123 2.53e-03
 10.0  43.2  1.0 138 2.84e-03
-10.0  31.8  0.0 105 2.16e-03
 30.0 -21.6  0.0 720 1.48e-02
 30.0   0.0  0.0 431 8.87e-03
  0.0  39.2  1.0 303 6.23e-03
 -5.0  71.3  4.0 48618 1.00e+00
-25.0  47.5  4.0 48618 1.00e+00
-20.0  -9.1  2.0 1020 2.10e-02
 20.0 -15.3  0.0 528 1.09e-02
 15.0 -39.2  3.0 2 4.11e-05
 15.0  71.3  4.0 48618 1.00e+00
 20.0  18.4  0.0 131 2.69e-03
-10.0 -31.8  2.0 42 8.64e-04
-10.0  24.9  0.0 252 5.18e-03
-15.0  63.5  4.0 48618 1.00e+00
 25.0   3.0  0.0 376 7.73e-03
 25.0  -9.1  0.0 547 1.13e-02
  5.0  18.4  0.0 228 4.69e-03
  0.0 -28.3  2.0 182 3.74e-03
 20.0   0.0  0.0 408 8.39e-03
-10.0  52.1  4.0 48618 1.00e+00
 30.0 -31.8  2.0 338 6.95e-03
  5.0   0.0  0.0 327 6.73e-03
-10.0 -12.2  2.0 1010 2.08e-02
 25.0  52.1  2.0 691 1.42e-02
 15.0  35.4  1.0 584 1.20e-02
 10.0   6.0  0.0 336 6.91e-03
 -5.0 -21.6  2.0 511 1.05e-02
-20.0 -63.5  7.0 48618 1.00e+00
-20.0 -28.3  2.0 119 2.45e-03
 -5.0  35.4  0.0 13 2.67e-04
-20.0  24.9  0.0 207 4.26e-03
-10.0  28.3  0.0 222 4.57e-03
 10.0  52.1  2.0 99 2.04e-03
-15.0  39.2  1.0 122 2.51e-03
  5.0  31.8  0.0 38 7.82e-04
  0.0  47.5  2.0 1103 2.27e-02
-20.0 -18.4  2.0 591 1.22e-02
  0.0 -43.2  4.0 576 1.18e-02
 15.0  -9.1  0.0 456 9.38e-03
-15.0 -24.9  2.0 284 5.84e-03
  0.0   6.0  0.0 262 5.39e-03
-25.0  71.3  4.0 48618 1.00e+00
-10.0 -15.3  2.0 818 1.68e-02
-20.0 -47.5  4.0 304 6.25e-03
 30.0   3.0  0.0 368 7.57e-03
 15.0  43.2  1.0 164 3.37e-03
-10.0 -18.4  2.0 632 1.30e-02
 30.0  43.2  1.0 198 4.07e-03
 10.0 -35.4  3.0 337 6.93e-03
  5.0 -35.4  2.0 6 1.23e-04
 30.0 -12.2  0.0 624 1.28e-02
-15.0  71.3  4.0 48618 1.00e+00
-10.0  57.4  4.0 48618 1.00e+00
  5.0 -12.2  0.0 2 4.11e-05
 20.0  39.2  1.0 379 7.80e-03
 15.0  18.4  0.0 159 3.27e-03
-30.0   9.1  2.0 1922 3.95e-02
-10.0 -21.6  2.0 470 9.67e-03
-20.0 -24.9  2.0 301 6.19e-03
-25.0 -12.2  2.0 827 1.70e-02
-25.0 -71.3  7.0 48618 1.00e+00
 20.0  31.8  0.0 1 2.06e-05
-15.0  47.5  4.0 48618 1.00e+00
  0.0 -39.2  3.0 114 2.34e-03
  5.0 -28.3  2.0 200 4.11e-03
 25.0  18.4  0.0 124 2.55e-03
 30.0 -28.3  0.0 108 2.22e-03
 20.0  21.6  0.0 93 1.91e-03
 -5.0  -9.1  1.0 19 3.91e-04
 10.0  71.3  4.0 48618 1.00e+00
-25.0  52.1  4.0 48618 1.00e+00
-15.0 -15.3  2.0 764 1.57e-02
-20.0  -6.0  2.0 1154 2.37e-02
 10.0  15.3  0.0 220 4.53e-03
-30.0 -28.3  2.0 114 2.34e-03
-30.0 -52.1  5.0 294 6.05e-03
 30.0  15.3  0.0 174 3.58e-03
 20.0 -52.1  7.0 48618 1.00e+00
  5.0 -47.5  5.0 81 1.67e-03
 25.0 -57.4  7.0 48618 1.00e+00
-20.0  12.2  1.0 65 1.34e-03
-25.0 -52.1  5.0 248 5.10e-03
 10.0 -39.2  3.0 19 3.91e-04
-10.0 -43.2  3.0 9 1.85e-04
-10.0   3.0  1.0 138 2.84e-03
 -5.0 -24.9  2.0 319 6.56e-03
-10.0 -24.9  2.0 304 6.25e-03
 15.0  28.3  0.0 40 8.23e-04
-15.0  28.3  0.0 285 5.86e-03
  5.0 -57.4  7.0 48618 1.00e+00
-20.0 -12.2  2.0 875 1.80e-02
 25.0  12.2  0.0 225 4.63e-03
  5.0 -71.3  7.0 48618 1.00e+00
 25.0 -71.3  7.0 48618 1.00e+00
 30.0  52.1  2.0 723 1.49e-02
 -5.0 -28.3  2.0 172 3.54e-03
 15.0 -71.3  7.0 48618 1.00e+00
 25.0  39.2  1.0 371 7.63e-03
 10.0  63.5  4.0 48618 1.00e+00
 15.0 -12.2  0.0 407 8.37e-03
  5.0  35.4  0.0 3 6.17e-05
 -5.0  39.2  1.0 289 5.94e-03
 20.0  -6.0  0.0 483 9.93e-03
 15.0 -31.8  2.0 60 1.23e-03
-30.0  15.3  1.0 21 4.32e-04
-15.0  35.4  0.0 18 3.70e-04
 10.0 -28.3  2.0 247 5.08e-03
-10.0  12.2  0.0 105 2.16e-03
-20.0  52.1  4.0 48618 1.00e+00
 30.0  31.8  1.0 852 1.75e-02
-25.0  24.9  0.0 122 2.51e-03
-15.0  52.1  4.0 48618 1.00e+00
  0.0  -9.1  1.0 120 2.47e-03
-15.0 -39.2  3.0 258 5.31e-03
 10.0  -9.1  0.0 265 5.45e-03
 20.0 -24.9  0.0 17 3.50e-04
 25.0 -63.5  7.0 48618 1.00e+00
  5.0  43.2  1.0 123 2.53e-03
 15.0 -24.9  1.0 56 1.15e-03
-30.0  -3.0  2.0 1219 2.51e-02
-30.0  18.4  1.0 74 1.52e-03
-20.0  -3.0  2.0 1335 2.75e-02
 -5.0 -57.4  7.0 48618 1.00e+00
-15.0  15.3  0.0 68 1.40e-03
-30.0 -63.5  7.0 48618 1.00e+00
 -5.0  63.5  4.0 48618 1.00e+00
-25.0  63.5  4.0 48618 1.00e+00
-10.0  39.2  1.0 219 4.50e-03
-10.0  71.3  4.0 48618 1.00e+00
-20.0  43.2  4.0 48618 1.00e+00
 10.0 -21.6  1.0 42 8.64e-04
  0.0 -31.8  2.0 61 1.25e-03
-30.0  47.5  4.0 48618 1.00e+00
 25.0  15.3  0.0 185 3.81e-03
 30.0 -43.2  7.0 48618 1.00e+00
  0.0 -18.4  2.0 846 1.74e-02
-15.0 -28.3  2.0 137 2.82e-03
 30.0 -47.5  7.0 48618 1.00e+00
  5.0  21.6  0.0 193 3.97e-03
  0.0 -47.5  5.0 763 1.57e-02
 10.0 -24.9  1.0 1 2.06e-05
 25.0 -39.2  7.0 48618 1.00e+00
  5.0  -6.0  0.0 119 2.45e-03
 10.0   0.0  0.0 376 7.73e-03
  5.0 -31.8  2.0 62 1.28e-03
 10.0 -52.1  7.0 48618 1.00e+00
 -5.0  18.4  0.0 306 6.29e-03
  5.0 -63.5  7.0 48618 1.00e+00
 30.0  71.3  4.0 48618 1.00e+00
 25.0  -3.0  0.0 465 9.56e-03
-15.0  -3.0  1.0 4 8.23e-05
-15.0 -47.5  4.0 172 3.54e-03
 25.0   9.1  0.0 289 5.94e-03
 30.0  -9.1  0.0 563 1.16e-02
 10.0  -3.0  0.0 399 8.21e-03
-10.0 -39.2  3.0 210 4.32e-03
 -5.0  -3.0  1.0 131 2.69e-03
-30.0  57.4  4.0 48618 1.00e+00
 10.0  18.4  0.0 181 3.72e-03
 20.0  -3.0  0.0 469 9.65e-03
-20.0   9.1  1.0 33 6.79e-04
-25.0 -21.6  2.0 448 9.21e-03
 20.0  12.2  0.0 227 4.67e-03
 -5.0   9.1  0.0 171 3.52e-03
-30.0  39.2  4.0 48618 1.00e+00
  0.0   3.0  0.0 207 4.26e-03
-30.0 -35.4  3.0 723 1.49e-02
-25.0 -35.4  3.0 698 1.44e-02
-30.0  28.3  0.0 185 3.81e-03
  5.0  39.2  1.0 333 6.85e-03
-20.0   0.0  2.0 1529 3.14e-02
-30.0 -39.2  3.0 363 7.47e-03
-20.0 -52.1  5.0 144 2.96e-03
 -5.0  24.9  0.0 211 4.34e-03
-15.0  -9.1  2.0 1112 2.29e-02
 10.0  -6.0  0.0 350 7.20e-03
-30.0   0.0  2.0 1439 2.96e-02
 30.0  63.5  4.0 48618 1.00e+00
-20.0 -15.3  2.0 720 1.48e-02
-25.0  12.2  1.0 12 2.47e-04
-25.0 -28.3  2.0 115 2.37e-03
-25.0   3.0  2.0 1650 3.39e-02
 25.0  63.5  4.0 48618 1.00e+00
 25.0   6.0  0.0 320 6.58e-03
-30.0  21.6  1.0 174 3.58e-03
-25.0   9.1  1.0 4 8.23e-05
  5.0  63.5  4.0 48618 1.00e+00
  5.0  12.2  0.0 277 5.70e-03
 20.0   9.1  0.0 285 5.86e-03
