0.000000 	 0.000000
0.020000 	 0.000800
0.040000 	 0.001600
0.060000 	 0.002400
0.080000 	 0.003200
0.100000 	 0.004000
0.120000 	 0.004800
0.140000 	 0.005600
0.160000 	 0.006400
0.180000 	 0.007200
0.200000 	 0.008000
0.220000 	 0.008800
0.240000 	 0.009600
0.260000 	 0.010400
0.280000 	 0.011200
0.300000 	 0.012000
0.320000 	 0.012800
0.340000 	 0.013600
0.360000 	 0.014400
0.380000 	 0.015200
0.400000 	 0.016000
0.420000 	 0.016800
0.440000 	 0.017600
0.460000 	 0.018400
0.480000 	 0.019200
0.500000 	 0.020000
0.520000 	 0.020000
0.540000 	 0.020000
0.560000 	 0.020000
0.580000 	 0.020000
0.600000 	 0.020000
0.620000 	 0.020000
0.640000 	 0.020000
0.660000 	 0.020000
0.680000 	 0.020000
0.700000 	 0.020000
0.720000 	 0.020000
0.740000 	 0.020000
0.760000 	 0.020000
0.780000 	 0.020000
0.800000 	 0.020000
0.820000 	 0.020000
0.840000 	 0.020000
0.860000 	 0.020000
0.880000 	 0.020000
0.900000 	 0.020000
0.920000 	 0.020000
0.940000 	 0.020000
0.960000 	 0.020000
0.980000 	 0.020000
1.000000 	 0.020000
1.020000 	 0.019200
1.040000 	 0.018400
1.060000 	 0.017600
1.080000 	 0.016800
1.100000 	 0.016000
1.120000 	 0.015200
1.140000 	 0.014400
1.160000 	 0.013600
1.180000 	 0.012800
1.200000 	 0.012000
1.220000 	 0.011200
1.240000 	 0.010400
1.260000 	 0.009600
1.280000 	 0.008800
1.300000 	 0.008000
1.320000 	 0.007200
1.340000 	 0.006400
1.360000 	 0.005600
1.380000 	 0.004800
1.400000 	 0.004000
1.420000 	 0.003200
1.440000 	 0.002400
1.460000 	 0.001600
1.480000 	 0.000800
1.500000 	 0.000000
