      20151202100525798.TA.N19K..BH   400  0 0   0 0 0    0.00000  0  0  0  0
      20160118040556098.TA.M26K..BH   398  0 0   1 1 1    0.00000  0  0  0  0
      20160515055100219.AK.PTPK..BH   489  1 1   1 1 1    0.00000  0  0  0  0
     20160518032548320.TA.M22K..BH  392    1    1    1    1    1 54.3620    0    0    0    0 
    20160521113409789.TA.POKR.01.BH   395  0 0   1 0 0    0.00000  0  0  0  0
      20160711200557702.ZE.JOES..HH   293  0 0   1 1 1    0.00000  0  0  0  0
       20161106092910579.AK.FYU..BH   349  0 0   1 1 1    0.00000  0  0  0  0
      20161208101813868.AK.RC01..BH   346  0 0   1 1 1    0.00000  0  0  0  0
      20170213071712642.AT.PMR..BH  349    0    0    1    1    1 50.9880    0    0    0    0 
       20170429111548898.AK.SWD..BH   348  0 0   1 1 1    0.00000  0  0  0  0
      20170527163305640.AK.PPLA..BH   248  0 0   0 0 1    0.00000  0  0  0  0
      20170613073936181.AK.SSN..BH  297    1    1    0    1    0 41.5670    0    0    0    0 
     20170628125851897.TA.K20K..BH  296    0    0    0    0    0 41.0280    0    0    0    0 
       20171108064911318.AK.KTH..BH   183  1 0   1 0 1    0.00000  0  0  0  0
      20171127221830467.AK.PIN..BH  400    0    0    1    1    1 53.1210    0    0    0    0 
      20171230114316278.TA.M20K..BH   299  0 0   1 1 1    0.00000  0  0  0  0
      20180119235505310.TA.F24K..BH   398  0 0   0 0 0    0.00000  0  0  0  0
      20180825181551481.TA.H24K..BH   150  1 1   0 0 0    23.10000  0  0  0  0
      20180828151843464.AK.FYU..BH  288    1    1    1    0    0 40.2430    0    0    0    0 
   20180916191154565.TA.G25K..BH  298    0    0    1    1    1 42.2350    0    0    0    0 
      20181003032937544.TA.G23K..BH   208  0 0   1 1 1    0.00000  0  0  0  0
     20181014235314769.TA.G23K..BH  299    0    0    1    1    1 43.5310    0    0    0    0 
     20181027165728350.AK.WAT7..BH  298    1    1    1    1    1 0.00000    0    0    0    0 
      20181113152641907.AK.KNK..BH  397    0    0    0    0    0 55.8190    0    0    0    0 
      20190113164555437.TA.I20K..BH   449  0 0   1 1 1    0.00000  0  0  0  0
     20190117121355493.TA.J20K..BH  248    0    0    0    0    0 0.00000    0    0    0    0 
     20190306213313991.TA.G24K..BH  435    0    0    1    1    1 59.6360    0    0    0    0 
     20190309233958332.AK.SCRK..BH  192    0    0    0    0    0 28.0760    0    0    0    0 
     20190326212718519.AK.PPLA..BH  450    0    0    1    1    1 63.1690    0    0    0    0 
     20190411104245609.TA.J20K..BH  247    1    1    1    1    1 0.00000    0    0    0    0 
      20190624090423195.AK.PPD..BH  248    0    0    1    1    1 0.00000    0    0    0    0 
      20190906233228461.AK.DHY..BH  298    1    1    1    1    1 0.00000    0    0    0    0 
     20190925134513442.AK.RC01..BH  299    0    0    1    1    1 0.00000    0    0    0    0 
