20090407201255351 20090407201255351.YV.BIGB..BH -149.817398   61.591900  0         scak 39  165.53   25.70 0.314520   6.24  10.99  15.9
20090407201255351 20090407201255351.AT.PMR..BH -149.130798   61.592201  0         scak 39  244.45   49.74 0.594763   7.81  13.75  36.0
20090407201255351 20090407201255351.AK.RC01..BH -149.738998   61.088902  0         scak 39  359.71   54.15 0.643688   8.31  14.63  40.7
20090407201255351 20090407201255351.YV.KASH..BH -150.081696   61.863602  0         scak 39  158.67   60.25 0.709777   9.16  16.13  49.0
20090407201255351 20090407201255351.YV.HOPE..BH -149.597702   60.873798  0         scak 39  353.05   69.29 0.803966  10.99  19.36  65.1
20090407201255351 20090407201255351.YV.TUPA..BH -149.187195   60.804501  0         scak 39  337.29   74.37 0.854737  12.56  22.11  78.3
20090407201255351 20090407201255351.AK.SAW..BH -148.331604   61.806999  0         scak 39  241.67   76.53 0.875822  13.41  23.62  84.5
20090407201255351 20090407201255351.YV.LSUM..BH -149.481003   60.671700  0         scak 39  350.68   77.33 0.883552  13.78  24.27  88.3
20090407201255351 20090407201255351.YV.DEVL..BH -149.594101   60.550800  0         scak 39  355.37   80.37 0.912532  15.40  27.11 101.0
20090407201255351 20090407201255351.YV.BLAK..BH -148.417099   60.774601  0         scak 39  316.07   80.93 0.917801  15.77  27.77 104.1
20090407201255351 20090407201255351.YV.RUSS..BH -150.031601   60.488098  0         scak 39    8.39   81.52 0.923329  16.40  28.87 108.8
20090407201255351 20090407201255351.YV.LSKI..BH -150.461700   60.483200  0         scak 39   20.11   82.50 0.932456  17.15  30.20 115.0
20090407201255351 20090407201255351.YV.NSKI..BH -151.276993   60.662201  0         scak 39   43.87   83.23 0.939210  17.90  31.52 121.0
20090407201255351 20090407201255351.YV.AVAL..BH -149.346802   60.375500  0         scak 39  349.69   83.23 0.939210  18.03  31.75 122.1
20090407201255351 20090407201255351.YV.PERI..BH -147.953400   60.709801  0         scak 39  309.88   83.63 0.942895  18.66  32.85 127.3
20090407201255351 20090407201255351.AK.SWD..BH -149.452606   60.104301  0         scak 39  353.87   85.55 0.960422  21.68  38.18 151.2
20090407201255351 20090407201255351.YV.HEAD..BH -149.409500   60.008400  0         scak 39  353.41   86.17 0.966025  23.07  40.62 162.1
20090407201255351 20090407201255351.AK.DIV..BH -145.774902   61.129200  0         scak 39  277.92   87.93 0.981774  29.90  52.63 215.7
20090407201255351 20090407201255351.AK.TRF..BH -150.289307   63.450199  0         scak 39  173.01   87.93 0.981774  30.91  54.41 224.2
20090407201255351 20090407201255351.AK.EYAK..BH -145.750000   60.548698  0         scak 39  293.28   87.93 0.981774  32.68  57.53 238.4
20090407201255351 20090407201255351.AK.PAX..BH -145.469894   62.969898  0         scak 39  230.90   87.93 0.981774  37.87  66.65 279.1
20090407201255351 20090407201255351.AK.BMR..BH -144.605103   60.967701  0         scak 39  278.85   87.93 0.981774  38.12  67.10 281.3
20090407201255351 20090407201255351.XZ.GOAT..BH -144.729202   60.580502  0         scak 39  287.55   87.93 0.981774  39.01  68.66 288.0
20090407201255351 20090407201255351.AT.MID..BH -146.338806   59.427799  0         scak 39  318.82   87.93 0.981774  39.64  69.77 293.3
