-10.0   9.6  0.0 224 4.67e-03
 10.0 -26.4  2.0 505 1.05e-02
  0.0  70.8  4.0 47952 1.00e+00
 10.0 -46.2  5.0 3 6.26e-05
 30.0 -37.7  7.0 47952 1.00e+00
-20.0  62.7  4.0 47952 1.00e+00
-15.0 -37.7  3.0 463 9.66e-03
 10.0 -62.7  7.0 47952 1.00e+00
-15.0 -22.9  2.0 768 1.60e-02
-25.0 -22.9  2.0 762 1.59e-02
 15.0 -62.7  7.0 47952 1.00e+00
-25.0  51.1  4.0 47952 1.00e+00
 30.0 -70.8  7.0 47952 1.00e+00
 15.0  30.0  0.0 79 1.65e-03
 30.0   0.0  0.0 1111 2.32e-02
 15.0 -26.4  1.0 24 5.01e-04
 20.0 -26.4  1.0 205 4.28e-03
-10.0  56.4  4.0 47952 1.00e+00
-25.0 -12.8  2.0 1658 3.46e-02
-20.0 -46.2  4.0 667 1.39e-02
-15.0 -56.4  7.0 47952 1.00e+00
  0.0 -46.2  4.0 19 3.96e-04
 -5.0  -3.2  0.0 9 1.88e-04
-10.0 -37.7  3.0 392 8.17e-03
  5.0  62.7  4.0 47952 1.00e+00
  0.0  -9.6  1.0 468 9.76e-03
-10.0   0.0  0.0 2 4.17e-05
 15.0 -56.4  7.0 47952 1.00e+00
-15.0 -41.8  3.0 67 1.40e-03
 10.0  37.7  1.0 729 1.52e-02
-20.0   3.2  1.0 116 2.42e-03
 30.0  46.2  1.0 33 6.88e-04
  0.0   9.6  0.0 728 1.52e-02
 20.0 -56.4  7.0 47952 1.00e+00
 -5.0 -19.5  2.0 1254 2.62e-02
 15.0 -12.8  0.0 653 1.36e-02
-20.0  -9.6  2.0 2112 4.40e-02
 20.0  -6.4  0.0 1198 2.50e-02
  0.0  22.9  0.0 407 8.49e-03
 30.0 -12.8  0.0 1169 2.44e-02
 30.0 -62.7  7.0 47952 1.00e+00
 -5.0  16.1  0.0 631 1.32e-02
 15.0  33.7  0.0 11 2.29e-04
 30.0 -51.1  7.0 47952 1.00e+00
 10.0 -30.0  2.0 160 3.34e-03
 15.0   9.6  0.0 836 1.74e-02
-10.0  37.7  1.0 426 8.88e-03
  0.0  16.1  0.0 684 1.43e-02
-10.0  62.7  4.0 47952 1.00e+00
 20.0  51.1  2.0 796 1.66e-02
 30.0 -56.4  7.0 47952 1.00e+00
 25.0  37.7  1.0 754 1.57e-02
-30.0  -3.2  2.0 2596 5.41e-02
 20.0 -51.1  7.0 47952 1.00e+00
-30.0  26.4  0.0 331 6.90e-03
 15.0  -6.4  0.0 1048 2.19e-02
 30.0 -30.0  1.0 79 1.65e-03
-15.0   9.6  0.0 63 1.31e-03
 30.0  51.1  2.0 1019 2.13e-02
-30.0 -56.4  7.0 47952 1.00e+00
  5.0  26.4  0.0 231 4.82e-03
-10.0  41.8  1.0 31 6.46e-04
 20.0  19.5  0.0 400 8.34e-03
  0.0 -26.4  2.0 436 9.09e-03
 30.0 -16.1  0.0 1023 2.13e-02
 -5.0  37.7  1.0 548 1.14e-02
 -5.0 -37.7  3.0 291 6.07e-03
-20.0  41.8  2.0 11 2.29e-04
 25.0   0.0  0.0 1127 2.35e-02
-25.0   0.0  2.0 3138 6.54e-02
-15.0   6.4  0.0 8 1.67e-04
 15.0  22.9  0.0 296 6.17e-03
  5.0 -37.7  3.0 131 2.73e-03
 20.0  37.7  1.0 770 1.61e-02
  0.0 -70.8  7.0 47952 1.00e+00
  5.0 -33.7  2.0 27 5.63e-04
  5.0  -3.2  0.0 467 9.74e-03
  5.0  41.8  1.0 260 5.42e-03
-25.0  16.1  0.0 29 6.05e-04
-10.0  -6.4  1.0 78 1.63e-03
 -5.0 -62.7  7.0 47952 1.00e+00
 30.0  56.4  4.0 47952 1.00e+00
 -5.0 -46.2  4.0 120 2.50e-03
-10.0  12.8  0.0 365 7.61e-03
 15.0  46.2  1.0 17 3.55e-04
  0.0 -33.7  2.0 31 6.46e-04
-15.0  51.1  4.0 47952 1.00e+00
  5.0 -16.1  1.0 232 4.84e-03
 20.0 -70.8  7.0 47952 1.00e+00
 25.0  33.7  1.0 1297 2.70e-02
 10.0 -33.7  2.0 19 3.96e-04
-30.0 -16.1  2.0 1376 2.87e-02
  5.0  51.1  2.0 34 7.09e-04
-15.0  -6.4  1.0 7 1.46e-04
-25.0 -46.2  4.0 769 1.60e-02
-25.0 -16.1  2.0 1380 2.88e-02
 30.0 -41.8  7.0 47952 1.00e+00
  5.0  -6.4  0.0 262 5.46e-03
-15.0   0.0  1.0 170 3.55e-03
-20.0  16.1  0.0 121 2.52e-03
 25.0 -12.8  0.0 1140 2.38e-02
-20.0 -16.1  2.0 1418 2.96e-02
 25.0  22.9  0.0 240 5.01e-03
  0.0   0.0  0.0 277 5.78e-03
-30.0 -46.2  4.0 802 1.67e-02
-25.0 -56.4  7.0 47952 1.00e+00
  0.0 -16.1  1.0 37 7.72e-04
-15.0  30.0  0.0 285 5.94e-03
-30.0 -70.8  7.0 47952 1.00e+00
-15.0 -33.7  2.0 17 3.55e-04
-25.0  62.7  4.0 47952 1.00e+00
 -5.0 -16.1  2.0 1783 3.72e-02
-20.0 -12.8  2.0 1717 3.58e-02
 10.0   9.6  0.0 853 1.78e-02
 15.0  19.5  0.0 419 8.74e-03
-30.0 -12.8  2.0 1621 3.38e-02
 15.0  -3.2  0.0 1078 2.25e-02
  5.0  19.5  0.0 514 1.07e-02
 -5.0  51.1  4.0 47952 1.00e+00
-20.0   6.4  1.0 216 4.50e-03
-20.0  46.2  4.0 47952 1.00e+00
-15.0 -46.2  4.0 522 1.09e-02
 25.0 -30.0  1.0 52 1.08e-03
 30.0  22.9  0.0 252 5.26e-03
 25.0  -6.4  0.0 1239 2.58e-02
 30.0 -19.5  0.0 662 1.38e-02
  0.0  62.7  4.0 47952 1.00e+00
 20.0  30.0  0.0 51 1.06e-03
 20.0  56.4  4.0 47952 1.00e+00
 30.0 -26.4  0.0 43 8.97e-04
-30.0  56.4  4.0 47952 1.00e+00
-10.0 -70.8  7.0 47952 1.00e+00
 20.0   3.2  0.0 1040 2.17e-02
 25.0   6.4  0.0 898 1.87e-02
 -5.0 -12.8  1.0 26 5.42e-04
-30.0 -51.1  5.0 747 1.56e-02
-20.0 -56.4  7.0 47952 1.00e+00
  0.0  30.0  0.0 169 3.52e-03
 25.0  16.1  0.0 516 1.08e-02
  5.0   9.6  0.0 840 1.75e-02
 15.0  12.8  0.0 706 1.47e-02
-25.0  26.4  0.0 319 6.65e-03
 20.0 -22.9  0.0 63 1.31e-03
 -5.0   6.4  0.0 348 7.26e-03
 10.0 -22.9  1.0 44 9.18e-04
 30.0  37.7  1.0 766 1.60e-02
 -5.0  26.4  0.0 325 6.78e-03
  0.0  19.5  0.0 559 1.17e-02
 10.0  33.7  0.0 23 4.80e-04
 10.0 -70.8  7.0 47952 1.00e+00
-20.0 -62.7  7.0 47952 1.00e+00
 15.0   0.0  0.0 1049 2.19e-02
 25.0 -51.1  7.0 47952 1.00e+00
-30.0 -37.7  3.0 542 1.13e-02
-10.0  19.5  0.0 513 1.07e-02
-30.0 -41.8  3.0 120 2.50e-03
-25.0 -33.7  2.0 4 8.34e-05
 -5.0  12.8  0.0 623 1.30e-02
-30.0  -9.6  2.0 1864 3.89e-02
 -5.0  33.7  0.0 69 1.44e-03
 15.0  51.1  2.0 570 1.19e-02
-20.0  12.8  0.0 43 8.97e-04
 25.0  70.8  4.0 47952 1.00e+00
-25.0   3.2  1.0 21 4.38e-04
-30.0  37.7  4.0 47952 1.00e+00
-25.0 -37.7  3.0 544 1.13e-02
 -5.0 -51.1  6.0 4024 8.39e-02
  5.0  12.8  0.0 763 1.59e-02
-10.0  46.2  2.0 62 1.29e-03
 10.0  16.1  0.0 617 1.29e-02
 20.0   6.4  0.0 929 1.94e-02
 10.0 -37.7  3.0 77 1.61e-03
 15.0 -30.0  2.0 159 3.32e-03
 20.0  62.7  4.0 47952 1.00e+00
 25.0  -9.6  0.0 1230 2.57e-02
-30.0   3.2  2.0 3368 7.02e-02
-15.0  -3.2  1.0 61 1.27e-03
 15.0   6.4  0.0 924 1.93e-02
 -5.0 -30.0  2.0 173 3.61e-03
-25.0  22.9  0.0 244 5.09e-03
-15.0  22.9  0.0 380 7.92e-03
-30.0 -26.4  2.0 400 8.34e-03
-25.0 -26.4  2.0 411 8.57e-03
  0.0 -19.5  2.0 1411 2.94e-02
 -5.0  46.2  2.0 741 1.55e-02
 25.0 -16.1  0.0 942 1.96e-02
 30.0  33.7  1.0 1309 2.73e-02
-25.0  19.5  0.0 119 2.48e-03
-15.0  62.7  4.0 47952 1.00e+00
-30.0  41.8  4.0 47952 1.00e+00
-25.0  30.0  0.0 216 4.50e-03
-15.0 -70.8  7.0 47952 1.00e+00
 10.0   0.0  0.0 953 1.99e-02
  0.0  56.4  4.0 47952 1.00e+00
-10.0 -46.2  4.0 311 6.49e-03
 -5.0  22.9  0.0 473 9.86e-03
 25.0 -37.7  5.0 450 9.38e-03
  0.0   6.4  0.0 687 1.43e-02
-30.0  70.8  4.0 47952 1.00e+00
 10.0  51.1  2.0 307 6.40e-03
-25.0  -3.2  2.0 2709 5.65e-02
-15.0  41.8  2.0 1066 2.22e-02
 10.0  12.8  0.0 758 1.58e-02
 15.0  62.7  4.0 47952 1.00e+00
 10.0  56.4  4.0 47952 1.00e+00
-25.0 -19.5  2.0 1111 2.32e-02
-25.0  -9.6  2.0 1932 4.03e-02
 10.0  46.2  1.0 9 1.88e-04
 -5.0  -9.6  1.0 144 3.00e-03
  5.0  46.2  1.0 1 2.09e-05
-20.0 -37.7  3.0 515 1.07e-02
-20.0  22.9  0.0 281 5.86e-03
 30.0  16.1  0.0 509 1.06e-02
 30.0 -46.2  7.0 47952 1.00e+00
 15.0  41.8  1.0 382 7.97e-03
 20.0  46.2  1.0 24 5.01e-04
-15.0  19.5  0.0 379 7.90e-03
-10.0  26.4  0.0 374 7.80e-03
 20.0  33.7  0.0 1 2.09e-05
-25.0  56.4  4.0 47952 1.00e+00
-30.0  12.8  1.0 183 3.82e-03
  5.0 -56.4  7.0 47952 1.00e+00
 25.0  56.4  4.0 47952 1.00e+00
-20.0  -6.4  2.0 2497 5.21e-02
 25.0 -26.4  0.0 24 5.01e-04
  5.0 -12.8  0.0 13 2.71e-04
  5.0  37.7  1.0 697 1.45e-02
-15.0  26.4  0.0 386 8.05e-03
 25.0 -33.7  3.0 121 2.52e-03
  5.0  22.9  0.0 351 7.32e-03
 20.0  -9.6  0.0 1158 2.41e-02
-10.0 -56.4  7.0 47952 1.00e+00
-10.0   6.4  0.0 111 2.31e-03
-20.0  37.7  1.0 77 1.61e-03
 20.0   0.0  0.0 1099 2.29e-02
  5.0 -30.0  2.0 157 3.27e-03
 20.0 -46.2  7.0 47952 1.00e+00
-20.0  -3.2  1.0 1 2.09e-05
  5.0   3.2  0.0 822 1.71e-02
 30.0   9.6  0.0 767 1.60e-02
 15.0 -51.1  7.0 47952 1.00e+00
-25.0  12.8  1.0 258 5.38e-03
 30.0  26.4  0.0 136 2.84e-03
 25.0 -22.9  0.0 233 4.86e-03
-10.0  -9.6  1.0 21 4.38e-04
-20.0 -70.8  7.0 47952 1.00e+00
 30.0  41.8  1.0 450 9.38e-03
-15.0 -51.1  5.0 242 5.05e-03
 10.0  62.7  4.0 47952 1.00e+00
-10.0 -19.5  2.0 1128 2.35e-02
  0.0  -3.2  0.0 138 2.88e-03
-15.0  -9.6  2.0 2279 4.75e-02
 30.0  -3.2  0.0 1171 2.44e-02
  0.0   3.2  0.0 488 1.02e-02
-25.0  33.7  0.0 74 1.54e-03
 10.0  22.9  0.0 316 6.59e-03
 20.0 -37.7  4.0 169 3.52e-03
  5.0  30.0  0.0 129 2.69e-03
-20.0 -30.0  2.0 137 2.86e-03
  5.0 -46.2  5.0 479 9.99e-03
-10.0 -51.1  5.0 43 8.97e-04
 25.0 -62.7  7.0 47952 1.00e+00
 -5.0   0.0  0.0 66 1.38e-03
-20.0  51.1  4.0 47952 1.00e+00
 20.0 -19.5  0.0 361 7.53e-03
  0.0  26.4  0.0 269 5.61e-03
 -5.0  19.5  0.0 580 1.21e-02
 20.0  70.8  4.0 47952 1.00e+00
-30.0 -22.9  2.0 755 1.57e-02
  0.0  51.1  4.0 47952 1.00e+00
 10.0  -6.4  0.0 711 1.48e-02
 30.0  -6.4  0.0 1222 2.55e-02
 30.0  19.5  0.0 378 7.88e-03
  0.0  12.8  0.0 748 1.56e-02
 -5.0  70.8  4.0 47952 1.00e+00
-30.0  46.2  4.0 47952 1.00e+00
-10.0  33.7  0.0 75 1.56e-03
  0.0  46.2  2.0 1560 3.25e-02
 25.0  62.7  4.0 47952 1.00e+00
 15.0 -19.5  0.0 32 6.67e-04
 20.0 -62.7  7.0 47952 1.00e+00
 15.0 -33.7  2.0 11 2.29e-04
 15.0  70.8  4.0 47952 1.00e+00
 20.0  22.9  0.0 265 5.53e-03
 -5.0 -26.4  2.0 420 8.76e-03
  0.0 -51.1  7.0 47952 1.00e+00
 10.0  -3.2  0.0 863 1.80e-02
 -5.0  62.7  4.0 47952 1.00e+00
  5.0   0.0  0.0 673 1.40e-02
  5.0   6.4  0.0 858 1.79e-02
-10.0 -26.4  2.0 415 8.65e-03
-10.0  30.0  0.0 235 4.90e-03
 25.0  51.1  2.0 962 2.01e-02
 15.0  56.4  4.0 47952 1.00e+00
 -5.0  -6.4  1.0 331 6.90e-03
-20.0  19.5  0.0 198 4.13e-03
-20.0 -51.1  5.0 493 1.03e-02
 -5.0  56.4  4.0 47952 1.00e+00
-15.0  46.2  4.0 47952 1.00e+00
-10.0  51.1  4.0 47952 1.00e+00
-15.0  33.7  0.0 75 1.56e-03
-20.0  30.0  0.0 296 6.17e-03
 -5.0  30.0  0.0 191 3.98e-03
 25.0  19.5  0.0 383 7.99e-03
-10.0 -12.8  2.0 2050 4.28e-02
  5.0 -62.7  7.0 47952 1.00e+00
 20.0  -3.2  0.0 1149 2.40e-02
-20.0 -26.4  2.0 408 8.51e-03
  0.0  -6.4  0.0 39 8.13e-04
 15.0  -9.6  0.0 893 1.86e-02
-15.0 -26.4  2.0 410 8.55e-03
 10.0 -12.8  0.0 169 3.52e-03
 10.0   3.2  0.0 942 1.96e-02
 -5.0 -33.7  2.0 31 6.46e-04
-20.0   0.0  1.0 42 8.76e-04
-10.0 -22.9  2.0 765 1.60e-02
  0.0 -62.7  7.0 47952 1.00e+00
 10.0  -9.6  0.0 438 9.13e-03
-20.0  70.8  4.0 47952 1.00e+00
-10.0  -3.2  1.0 246 5.13e-03
 30.0 -22.9  0.0 296 6.17e-03
-15.0  70.8  4.0 47952 1.00e+00
  5.0 -41.8  3.0 1 2.09e-05
  5.0  33.7  0.0 41 8.55e-04
 20.0  12.8  0.0 677 1.41e-02
 15.0  26.4  0.0 165 3.44e-03
-30.0   9.6  1.0 102 2.13e-03
-10.0 -16.1  2.0 1595 3.33e-02
-20.0 -22.9  2.0 769 1.60e-02
 25.0  41.8  1.0 447 9.32e-03
-25.0 -70.8  7.0 47952 1.00e+00
  5.0  70.8  4.0 47952 1.00e+00
  0.0 -12.8  1.0 202 4.21e-03
  5.0 -51.1  7.0 47952 1.00e+00
 25.0  26.4  0.0 133 2.77e-03
 20.0  16.1  0.0 530 1.11e-02
 -5.0 -70.8  7.0 47952 1.00e+00
-30.0  -6.4  2.0 2176 4.54e-02
 10.0  70.8  4.0 47952 1.00e+00
-25.0  37.7  2.0 422 8.80e-03
 25.0  -3.2  0.0 1200 2.50e-02
-15.0 -12.8  2.0 1871 3.90e-02
-10.0 -62.7  7.0 47952 1.00e+00
  5.0  -9.6  0.0 81 1.69e-03
 30.0   6.4  0.0 887 1.85e-02
-10.0  70.8  4.0 47952 1.00e+00
 25.0 -56.4  7.0 47952 1.00e+00
-20.0  26.4  0.0 327 6.82e-03
-25.0 -51.1  5.0 679 1.42e-02
-10.0 -33.7  2.0 25 5.21e-04
  5.0 -26.4  2.0 454 9.47e-03
  0.0  33.7  0.0 53 1.11e-03
 10.0 -19.5  1.0 274 5.71e-03
 -5.0 -41.8  3.0 33 6.88e-04
-10.0 -41.8  3.0 55 1.15e-03
-30.0  30.0  0.0 223 4.65e-03
-15.0 -16.1  2.0 1446 3.02e-02
-20.0 -41.8  3.0 94 1.96e-03
-25.0 -41.8  3.0 120 2.50e-03
  5.0 -70.8  7.0 47952 1.00e+00
 25.0 -70.8  7.0 47952 1.00e+00
 -5.0 -22.9  2.0 772 1.61e-02
 15.0 -70.8  7.0 47952 1.00e+00
 25.0  12.8  0.0 647 1.35e-02
 15.0 -22.9  1.0 296 6.17e-03
-30.0 -30.0  2.0 124 2.59e-03
 20.0  41.8  1.0 421 8.78e-03
  5.0  56.4  4.0 47952 1.00e+00
 -5.0   3.2  0.0 176 3.67e-03
-30.0 -19.5  2.0 1077 2.25e-02
 30.0 -33.7  3.0 517 1.08e-02
-15.0  56.4  4.0 47952 1.00e+00
 30.0  62.7  4.0 47952 1.00e+00
 10.0 -51.1  7.0 47952 1.00e+00
-10.0  22.9  0.0 504 1.05e-02
  0.0 -37.7  3.0 213 4.44e-03
 25.0 -41.8  7.0 47952 1.00e+00
  0.0 -56.4  7.0 47952 1.00e+00
 25.0  30.0  0.0 40 8.34e-04
 10.0  41.8  1.0 346 7.22e-03
-15.0 -62.7  7.0 47952 1.00e+00
 10.0 -56.4  7.0 47952 1.00e+00
 20.0 -41.8  6.0 2491 5.19e-02
 15.0 -37.7  3.0 20 4.17e-04
 25.0 -19.5  0.0 628 1.31e-02
 15.0  16.1  0.0 571 1.19e-02
 10.0   6.4  0.0 938 1.96e-02
 15.0 -41.8  4.0 1 2.09e-05
 30.0  30.0  0.0 23 4.80e-04
-30.0  22.9  0.0 253 5.28e-03
 -5.0  41.8  1.0 101 2.11e-03
 -5.0 -56.4  7.0 47952 1.00e+00
 20.0 -33.7  2.0 3 6.26e-05
-15.0  16.1  0.0 284 5.92e-03
-30.0   0.0  2.0 3002 6.26e-02
-30.0  62.7  4.0 47952 1.00e+00
-25.0 -62.7  7.0 47952 1.00e+00
-15.0 -30.0  2.0 149 3.11e-03
 30.0  12.8  0.0 638 1.33e-02
 25.0  46.2  1.0 24 5.01e-04
-20.0  33.7  0.0 89 1.86e-03
 10.0 -16.1  0.0 9 1.88e-04
 25.0   3.2  0.0 1030 2.15e-02
-30.0   6.4  1.0 6 1.25e-04
  0.0 -41.8  3.0 12 2.50e-04
 10.0  30.0  0.0 105 2.19e-03
  5.0  16.1  0.0 685 1.43e-02
 10.0 -41.8  4.0 130 2.71e-03
 25.0 -46.2  7.0 47952 1.00e+00
-25.0   6.4  1.0 89 1.86e-03
-25.0  46.2  4.0 47952 1.00e+00
 10.0  19.5  0.0 466 9.72e-03
  0.0  41.8  1.0 183 3.82e-03
  5.0 -22.9  2.0 963 2.01e-02
  5.0 -19.5  1.0 45 9.38e-04
 30.0  70.8  4.0 47952 1.00e+00
-15.0 -19.5  2.0 1119 2.33e-02
-15.0  37.7  1.0 247 5.15e-03
 25.0   9.6  0.0 771 1.61e-02
 30.0  -9.6  0.0 1207 2.52e-02
 15.0   3.2  0.0 1022 2.13e-02
 10.0  26.4  0.0 195 4.07e-03
  0.0  37.7  1.0 645 1.35e-02
  0.0 -22.9  2.0 843 1.76e-02
-20.0   9.6  1.0 339 7.07e-03
-25.0  -6.4  2.0 2314 4.83e-02
 15.0 -46.2  7.0 47952 1.00e+00
 20.0  26.4  0.0 146 3.04e-03
 -5.0   9.6  0.0 552 1.15e-02
 15.0  37.7  1.0 755 1.57e-02
-30.0  33.7  0.0 45 9.38e-04
-15.0  12.8  0.0 164 3.42e-03
  0.0 -30.0  2.0 175 3.65e-03
 20.0 -12.8  0.0 953 1.99e-02
-30.0  51.1  4.0 47952 1.00e+00
-20.0 -19.5  2.0 1101 2.30e-02
-30.0 -33.7  3.0 1302 2.72e-02
 30.0   3.2  0.0 988 2.06e-02
-30.0 -62.7  7.0 47952 1.00e+00
 20.0 -30.0  1.0 3 6.26e-05
-25.0  70.8  4.0 47952 1.00e+00
-10.0  16.1  0.0 498 1.04e-02
-10.0   3.2  0.0 25 5.21e-04
-30.0  19.5  0.0 64 1.33e-03
-10.0 -30.0  2.0 160 3.34e-03
-20.0 -33.7  2.0 12 2.50e-04
-20.0  56.4  4.0 47952 1.00e+00
-25.0  41.8  4.0 47952 1.00e+00
-25.0 -30.0  2.0 128 2.67e-03
 15.0 -16.1  0.0 283 5.90e-03
 20.0 -16.1  0.0 720 1.50e-02
-30.0  16.1  1.0 325 6.78e-03
-25.0   9.6  1.0 162 3.38e-03
-15.0   3.2  1.0 299 6.24e-03
 20.0   9.6  0.0 805 1.68e-02
