20100516063454464 utuhalf 4 2.8 0.10
20100516085611725 utuhalf 10 2.6 0.15
20100601073604690 utuhalf 9 1.8 0.05
20100601221352679 utuhalf 9 2.0 0.05
20100930095232848 utuhalf 9 1.6 0.05
20100930095413030 utuhalf 9 1.9 0.05
20100930095612039 utuhalf 9 2.1 0.05
20100930102501621 utuhalf 10 1.9 0.05
20100930114531523 utuhalf 9 1.8 0.05
20100930155702647 utuhalf 9 2.5 0.10
20100930163913172 utuhalf 9 2.0 0.05
20100930172333129 utuhalf 9 2.2 0.10
20100930183517772 utuhalf 9 1.8 0.05
20100930215912435 utuhalf 10 2.4 0.15
20101001111055009 utuhalf 9 2.4 0.05
20101001111242832 utuhalf 10 2.2 0.05
20101005032124419 utuhalf 9 2.0 0.05
20110127030947813 utuhalf 9 1.8 0.05
20110425035005648 utuhalf 8 1.0 0.10
20110425044754697 utuhalf 9 0.7 0.10
20110429191551352 utuhalf 9 1.5 0.05
20110430155647801 utuhalf 9 1.3 0.05
20110501125910539 utuhalf 9 1.1 0.05
20110507023604488 utuhalf 9 1.1 0.05
20110528023726768 utuhalf 9 0.5 0.10
20110528024224281 utuhalf 9 0.5 0.05
20110528025238269 utuhalf 9 0.9 0.05
20110528025339982 utuhalf 10 0.7 0.05
20110528033523921 utuhalf 11 0.6 0.05
20110528061823523 utuhalf 9 1.2 0.10
20110531124824834 utuhalf 9 0.6 0.05
20110606070201270 utuhalf 9 1.2 0.05
20110622023324299 utuhalf 9 0.6 0.05
20110630104259611 utuhalf 9 1.0 0.10
20110708145821435 utuhalf 9 0.9 0.05
20110802030042673 utuhalf 9 1.1 0.05
20110808103842458 utuhalf 18 0.7 0.05
20110809032109852 utuhalf 10 0.7 0.05
20110810031814398 utuhalf 9 0.9 0.10
20110810031838705 utuhalf 9 1.0 0.05
20110817004317677 utuhalf 9 0.9 0.05
20110823072642794 utuhalf 9 0.8 0.05
20110823072700783 utuhalf 9 1.5 0.10
20110823202112670 utuhalf 9 1.3 0.10
20110829071401139 utuhalf 9 0.8 0.10
20110927181440559 utuhalf 9 0.9 0.05
20110927211049558 utuhalf 9 1.0 0.05
20111025030750754 utuhalf 10 0.7 0.10
20111028072530002 utuhalf 10 0.6 0.05
20111111110221636 utuhalf 9 0.9 0.05
20111209143454837 utuhalf 8 1.2 0.10
20111222231621860 utuhalf 9 0.7 0.05
20111222231708220 utuhalf 9 0.8 0.10
20111224035332713 utuhalf 10 0.9 0.05
20111224064128067 utuhalf 9 1.0 0.05
20111224064311431 utuhalf 9 0.8 0.10
20111224064906473 utuhalf 9 0.8 0.05
20111224172941331 utuhalf 10 1.0 0.05
20120107133800237 utuhalf 9 1.2 0.05
20120108082720474 utuhalf 9 0.7 0.05
20120126201937383 utuhalf 9 0.7 0.05
20120202125816847 utuhalf 13 0.3 0.05
20120204025800727 utuhalf 15 0.8 0.05
