-10.0   9.1  0.0 845 1.74e-02
 10.0 -18.4  0.0 88 1.81e-03
  0.0  71.3  4.0 48618 1.00e+00
 30.0 -39.2  7.0 48618 1.00e+00
  0.0  52.1  4.0 48618 1.00e+00
-15.0 -18.4  1.0 25 5.14e-04
-25.0 -24.9  2.0 1525 3.14e-02
 15.0 -43.2  5.0 1548 3.18e-02
-20.0 -31.8  2.0 349 7.18e-03
-30.0  24.9  0.0 1369 2.82e-02
 25.0 -28.3  1.0 852 1.75e-02
 30.0 -71.3  7.0 48618 1.00e+00
 25.0   0.0  0.0 3104 6.38e-02
-15.0  24.9  0.0 1256 2.58e-02
 20.0 -18.4  0.0 821 1.69e-02
-10.0  35.4  0.0 177 3.64e-03
-15.0  -6.0  0.0 20 4.11e-04
-25.0 -43.2  3.0 555 1.14e-02
-20.0 -39.2  3.0 1316 2.71e-02
-15.0 -57.4  7.0 48618 1.00e+00
 20.0  57.4  4.0 48618 1.00e+00
-10.0  63.5  4.0 48618 1.00e+00
 25.0 -52.1  7.0 48618 1.00e+00
-20.0  63.5  4.0 48618 1.00e+00
  0.0 -15.3  0.0 27 5.55e-04
 -5.0 -15.3  0.0 1 2.06e-05
  0.0 -35.4  2.0 123 2.53e-03
 -5.0   6.0  0.0 1079 2.22e-02
-10.0 -47.5  4.0 470 9.67e-03
 15.0 -57.4  7.0 48618 1.00e+00
 30.0  24.9  0.0 1741 3.58e-02
  0.0  63.5  4.0 48618 1.00e+00
-10.0   0.0  0.0 315 6.48e-03
-15.0   6.0  0.0 446 9.17e-03
  0.0   9.1  0.0 2416 4.97e-02
 20.0 -71.3  7.0 48618 1.00e+00
-15.0   3.0  0.0 302 6.21e-03
 15.0 -15.3  0.0 996 2.05e-02
-30.0  31.8  0.0 766 1.58e-02
-20.0 -35.4  2.0 64 1.32e-03
 20.0 -39.2  3.0 19 3.91e-04
  0.0  12.2  0.0 2511 5.16e-02
 -5.0  31.8  0.0 537 1.10e-02
 25.0  -6.0  0.0 2616 5.38e-02
-30.0   6.0  0.0 139 2.86e-03
 30.0 -15.3  0.0 1444 2.97e-02
 -5.0  21.6  0.0 1825 3.75e-02
 15.0   0.0  0.0 2762 5.68e-02
 15.0  39.2  0.0 27 5.55e-04
-25.0  -3.0  1.0 1056 2.17e-02
 30.0 -52.1  7.0 48618 1.00e+00
 15.0   9.1  0.0 3187 6.56e-02
 -5.0  57.4  4.0 48618 1.00e+00
-30.0  43.2  4.0 48618 1.00e+00
 20.0  28.3  0.0 1173 2.41e-02
 30.0 -35.4  7.0 48618 1.00e+00
 30.0  21.6  0.0 2287 4.70e-02
 20.0 -31.8  1.0 13 2.67e-04
 15.0 -47.5  7.0 48618 1.00e+00
 20.0 -21.6  0.0 368 7.57e-03
 15.0 -21.6  0.0 63 1.30e-03
 15.0  57.4  4.0 48618 1.00e+00
 15.0  47.5  1.0 139 2.86e-03
-15.0   9.1  0.0 625 1.29e-02
 30.0  28.3  0.0 1188 2.44e-02
-30.0 -57.4  7.0 48618 1.00e+00
  5.0  24.9  0.0 1574 3.24e-02
-25.0  -6.0  1.0 543 1.12e-02
 15.0  63.5  4.0 48618 1.00e+00
  0.0 -24.9  1.0 34 6.99e-04
 25.0  47.5  1.0 261 5.37e-03
-25.0 -31.8  2.0 345 7.10e-03
 -5.0 -39.2  2.0 2 4.11e-05
-15.0  43.2  2.0 1016 2.09e-02
 25.0 -47.5  7.0 48618 1.00e+00
-25.0 -63.5  7.0 48618 1.00e+00
-15.0  21.6  0.0 1511 3.11e-02
 15.0  24.9  0.0 1700 3.50e-02
 25.0  24.9  0.0 1739 3.58e-02
 -5.0   3.0  0.0 708 1.46e-02
  0.0 -57.4  7.0 48618 1.00e+00
-15.0 -12.2  1.0 330 6.79e-03
 15.0   6.0  0.0 3148 6.47e-02
 15.0  -3.0  0.0 2483 5.11e-02
  5.0 -43.2  3.0 51 1.05e-03
-25.0  15.3  0.0 792 1.63e-02
 10.0 -57.4  7.0 48618 1.00e+00
 30.0  35.4  0.0 255 5.24e-03
  5.0   6.0  0.0 2648 5.45e-02
-10.0  21.6  0.0 1676 3.45e-02
 15.0 -28.3  1.0 83 1.71e-03
  5.0 -21.6  1.0 349 7.18e-03
 30.0 -57.4  7.0 48618 1.00e+00
 25.0  43.2  1.0 1154 2.37e-02
-10.0  15.3  0.0 1726 3.55e-02
 -5.0 -52.1  7.0 48618 1.00e+00
-15.0  57.4  4.0 48618 1.00e+00
  5.0 -18.4  0.0 26 5.35e-04
-25.0 -15.3  2.0 4148 8.53e-02
 30.0 -24.9  0.0 184 3.78e-03
-15.0 -63.5  7.0 48618 1.00e+00
-20.0  21.6  0.0 1274 2.62e-02
 25.0 -15.3  0.0 1414 2.91e-02
 20.0 -57.4  7.0 48618 1.00e+00
-20.0 -43.2  3.0 504 1.04e-02
 15.0  12.2  0.0 3115 6.41e-02
-25.0 -18.4  2.0 3253 6.69e-02
  0.0 -63.5  7.0 48618 1.00e+00
  5.0  57.4  4.0 48618 1.00e+00
-25.0 -57.4  7.0 48618 1.00e+00
  0.0 -21.6  1.0 169 3.48e-03
-30.0 -71.3  7.0 48618 1.00e+00
-15.0 -21.6  2.0 2380 4.90e-02
 10.0  57.4  4.0 48618 1.00e+00
-10.0  43.2  1.0 54 1.11e-03
 10.0   9.1  0.0 3010 6.19e-02
-30.0 -15.3  2.0 4117 8.47e-02
 15.0  31.8  0.0 646 1.33e-02
-25.0   6.0  0.0 196 4.03e-03
 -5.0  52.1  4.0 48618 1.00e+00
  5.0  28.3  0.0 1056 2.17e-02
-20.0  15.3  0.0 834 1.72e-02
 30.0  12.2  0.0 3273 6.73e-02
 25.0  28.3  0.0 1197 2.46e-02
 25.0 -21.6  0.0 501 1.03e-02
 30.0 -63.5  7.0 48618 1.00e+00
 10.0 -47.5  7.0 48618 1.00e+00
 10.0 -43.2  3.0 3 6.17e-05
 20.0  35.4  0.0 238 4.90e-03
 30.0 -18.4  0.0 991 2.04e-02
 20.0  47.5  1.0 209 4.30e-03
-30.0  35.4  4.0 48618 1.00e+00
-20.0 -21.6  2.0 2362 4.86e-02
-10.0 -71.3  7.0 48618 1.00e+00
 25.0  21.6  0.0 2289 4.71e-02
 -5.0 -43.2  3.0 218 4.48e-03
-30.0 -31.8  2.0 372 7.65e-03
-20.0 -57.4  7.0 48618 1.00e+00
-25.0  31.8  0.0 464 9.54e-03
  0.0  -3.0  0.0 559 1.15e-02
  5.0  47.5  1.0 17 3.50e-04
  5.0  52.1  4.0 48618 1.00e+00
 15.0 -35.4  2.0 98 2.02e-03
  5.0   3.0  0.0 2370 4.87e-02
  5.0   9.1  0.0 2783 5.72e-02
 -5.0  28.3  0.0 922 1.90e-02
 15.0  21.6  0.0 2204 4.53e-02
-25.0  18.4  0.0 1030 2.12e-02
 20.0 -12.2  0.0 1735 3.57e-02
 15.0  -6.0  0.0 2162 4.45e-02
-10.0  47.5  4.0 48618 1.00e+00
 20.0  24.9  0.0 1730 3.56e-02
 25.0 -12.2  0.0 1845 3.79e-02
-30.0 -47.5  3.0 8 1.65e-04
 20.0   3.0  0.0 3164 6.51e-02
 10.0 -12.2  0.0 853 1.75e-02
  5.0 -24.9  1.0 103 2.12e-03
 30.0  47.5  1.0 269 5.53e-03
  0.0   0.0  0.0 1071 2.20e-02
  0.0 -52.1  7.0 48618 1.00e+00
 10.0  39.2  0.0 26 5.35e-04
 10.0   3.0  0.0 2715 5.58e-02
  0.0 -71.3  7.0 48618 1.00e+00
 10.0  24.9  0.0 1640 3.37e-02
 10.0 -71.3  7.0 48618 1.00e+00
 15.0 -63.5  7.0 48618 1.00e+00
 25.0 -31.8  1.0 43 8.84e-04
-30.0 -43.2  3.0 588 1.21e-02
-10.0 -63.5  7.0 48618 1.00e+00
-30.0 -18.4  2.0 3218 6.62e-02
 -5.0  -6.0  0.0 196 4.03e-03
  5.0  71.3  4.0 48618 1.00e+00
 -5.0  15.3  0.0 2212 4.55e-02
-30.0  -9.1  1.0 162 3.33e-03
 -5.0  43.2  1.0 207 4.26e-03
-15.0 -31.8  2.0 348 7.16e-03
-25.0  57.4  4.0 48618 1.00e+00
-20.0  39.2  1.0 71 1.46e-03
 -5.0 -71.3  7.0 48618 1.00e+00
 25.0  71.3  4.0 48618 1.00e+00
-25.0  21.6  0.0 1250 2.57e-02
 -5.0 -31.8  2.0 403 8.29e-03
  5.0  15.3  0.0 2657 5.47e-02
 20.0 -35.4  2.0 80 1.65e-03
 20.0  15.3  0.0 3045 6.26e-02
 10.0 -15.3  0.0 232 4.77e-03
 25.0 -35.4  2.0 25 5.14e-04
-15.0 -43.2  3.0 434 8.93e-03
 15.0  15.3  0.0 2928 6.02e-02
 15.0  52.1  2.0 737 1.52e-02
-20.0   3.0  0.0 193 3.97e-03
-15.0  18.4  0.0 1282 2.64e-02
-30.0 -12.2  1.0 3 6.17e-05
-30.0   3.0  1.0 2483 5.11e-02
  5.0  -3.0  0.0 1660 3.41e-02
  5.0 -52.1  7.0 48618 1.00e+00
  0.0  24.9  0.0 1480 3.04e-02
 25.0  31.8  0.0 690 1.42e-02
-25.0 -47.5  3.0 4 8.23e-05
 30.0  57.4  4.0 48618 1.00e+00
 20.0 -28.3  1.0 211 4.34e-03
-30.0  12.2  0.0 562 1.16e-02
 25.0  57.4  4.0 48618 1.00e+00
-15.0 -71.3  7.0 48618 1.00e+00
 10.0 -63.5  7.0 48618 1.00e+00
  0.0  35.4  0.0 213 4.38e-03
-30.0  -6.0  1.0 446 9.17e-03
 20.0  52.1  2.0 1002 2.06e-02
 25.0 -43.2  7.0 48618 1.00e+00
  0.0  21.6  0.0 1929 3.97e-02
-30.0  71.3  4.0 48618 1.00e+00
 10.0  28.3  0.0 1117 2.30e-02
  0.0 -12.2  0.0 95 1.95e-03
 20.0   6.0  0.0 3269 6.72e-02
-25.0 -39.2  3.0 1335 2.75e-02
 10.0  21.6  0.0 2123 4.37e-02
-10.0  -6.0  0.0 87 1.79e-03
 10.0  35.4  0.0 233 4.79e-03
-25.0   0.0  0.0 1 2.06e-05
-25.0  -9.1  1.0 191 3.93e-03
 -5.0 -35.4  2.0 115 2.37e-03
-20.0  18.4  0.0 1080 2.22e-02
 10.0  47.5  1.0 69 1.42e-03
-30.0 -21.6  2.0 2380 4.90e-02
 15.0   3.0  0.0 2987 6.14e-02
 -5.0 -12.2  0.0 38 7.82e-04
-15.0   0.0  0.0 176 3.62e-03
-20.0  57.4  4.0 48618 1.00e+00
 -5.0  12.2  0.0 2138 4.40e-02
-10.0  18.4  0.0 1853 3.81e-02
 20.0  43.2  1.0 1069 2.20e-02
-25.0  35.4  0.0 38 7.82e-04
 -5.0  47.5  2.0 833 1.71e-02
  5.0  -9.1  0.0 428 8.80e-03
 25.0  35.4  0.0 263 5.41e-03
-10.0  -3.0  0.0 185 3.81e-03
-20.0  35.4  0.0 94 1.93e-03
 25.0 -24.9  0.0 168 3.46e-03
  5.0 -15.3  0.0 88 1.81e-03
-10.0 -28.3  2.0 877 1.80e-02
 -5.0 -18.4  1.0 229 4.71e-03
-10.0   6.0  0.0 626 1.29e-02
 20.0  -9.1  0.0 2098 4.32e-02
-10.0 -57.4  7.0 48618 1.00e+00
  0.0  57.4  4.0 48618 1.00e+00
-20.0   6.0  0.0 318 6.54e-03
 30.0  39.2  1.0 2210 4.55e-02
-20.0  31.8  0.0 429 8.82e-03
 20.0 -47.5  7.0 48618 1.00e+00
-20.0  71.3  4.0 48618 1.00e+00
 20.0 -43.2  7.0 48618 1.00e+00
 30.0  -6.0  0.0 2676 5.50e-02
-15.0  31.8  0.0 462 9.50e-03
-15.0  12.2  0.0 809 1.66e-02
 30.0   6.0  0.0 3321 6.83e-02
 20.0  63.5  4.0 48618 1.00e+00
 30.0   9.1  0.0 3368 6.93e-02
 15.0 -52.1  7.0 48618 1.00e+00
-30.0  63.5  4.0 48618 1.00e+00
-25.0  39.2  4.0 48618 1.00e+00
-25.0  28.3  0.0 1188 2.44e-02
 30.0  18.4  0.0 2811 5.78e-02
 25.0 -18.4  0.0 953 1.96e-02
 15.0 -18.4  0.0 466 9.58e-03
-10.0 -35.4  2.0 101 2.08e-03
-20.0 -71.3  7.0 48618 1.00e+00
 10.0 -31.8  2.0 501 1.03e-02
 30.0  -3.0  0.0 3007 6.18e-02
-15.0 -52.1  5.0 1113 2.29e-02
 -5.0 -47.5  4.0 178 3.66e-03
  0.0  -6.0  0.0 342 7.03e-03
 10.0  31.8  0.0 595 1.22e-02
-15.0 -35.4  2.0 86 1.77e-03
  0.0  15.3  0.0 2462 5.06e-02
-25.0  43.2  4.0 48618 1.00e+00
 10.0  12.2  0.0 2965 6.10e-02
  5.0 -39.2  2.0 1 2.06e-05
-10.0 -52.1  5.0 474 9.75e-03
  0.0  43.2  1.0 399 8.21e-03
-10.0  -9.1  0.0 30 6.17e-04
 -5.0 -63.5  7.0 48618 1.00e+00
-20.0  28.3  0.0 859 1.77e-02
 20.0 -63.5  7.0 48618 1.00e+00
  0.0  18.4  0.0 2274 4.68e-02
-30.0  52.1  4.0 48618 1.00e+00
  0.0  31.8  0.0 557 1.15e-02
 -5.0   0.0  0.0 465 9.56e-03
 20.0  71.3  4.0 48618 1.00e+00
-20.0  47.5  4.0 48618 1.00e+00
-30.0 -24.9  2.0 1515 3.12e-02
  0.0  28.3  0.0 986 2.03e-02
 10.0  43.2  1.0 812 1.67e-02
-10.0  31.8  0.0 484 9.96e-03
 30.0 -21.6  0.0 548 1.13e-02
 30.0   0.0  0.0 3099 6.37e-02
  0.0  39.2  0.0 21 4.32e-04
 -5.0  71.3  4.0 48618 1.00e+00
-25.0  47.5  4.0 48618 1.00e+00
-20.0  -9.1  1.0 386 7.94e-03
 20.0 -15.3  0.0 1308 2.69e-02
 15.0 -39.2  3.0 154 3.17e-03
 15.0  71.3  4.0 48618 1.00e+00
 20.0  18.4  0.0 2705 5.56e-02
-10.0 -31.8  2.0 372 7.65e-03
-10.0  24.9  0.0 1306 2.69e-02
-15.0  63.5  4.0 48618 1.00e+00
 25.0   3.0  0.0 3225 6.63e-02
 25.0  -9.1  0.0 2254 4.64e-02
  5.0  18.4  0.0 2381 4.90e-02
  0.0 -28.3  2.0 969 1.99e-02
 20.0   0.0  0.0 2953 6.07e-02
-10.0  52.1  4.0 48618 1.00e+00
 30.0 -31.8  1.0 152 3.13e-03
  5.0   0.0  0.0 2064 4.25e-02
-10.0 -12.2  1.0 561 1.15e-02
 25.0  52.1  2.0 1176 2.42e-02
 15.0  35.4  0.0 235 4.83e-03
 10.0   6.0  0.0 2929 6.02e-02
 -5.0 -21.6  1.0 68 1.40e-03
-20.0 -63.5  7.0 48618 1.00e+00
-20.0 -28.3  2.0 844 1.74e-02
 -5.0  35.4  0.0 200 4.11e-03
-20.0  24.9  0.0 1278 2.63e-02
-10.0  28.3  0.0 891 1.83e-02
 10.0  52.1  2.0 369 7.59e-03
-15.0  39.2  1.0 341 7.01e-03
  5.0  31.8  0.0 565 1.16e-02
  0.0  47.5  2.0 1773 3.65e-02
-20.0 -18.4  2.0 3246 6.68e-02
  0.0 -43.2  3.0 133 2.74e-03
 15.0  -9.1  0.0 1849 3.80e-02
-15.0 -24.9  2.0 1536 3.16e-02
  0.0   6.0  0.0 2181 4.49e-02
-25.0  71.3  4.0 48618 1.00e+00
-10.0 -15.3  1.0 293 6.03e-03
-20.0 -47.5  3.0 6 1.23e-04
 30.0   3.0  0.0 3246 6.68e-02
 15.0  43.2  1.0 971 2.00e-02
-10.0 -18.4  1.0 95 1.95e-03
 30.0  43.2  1.0 1178 2.42e-02
 10.0 -35.4  2.0 117 2.41e-03
  5.0 -35.4  2.0 129 2.65e-03
 30.0 -12.2  0.0 1870 3.85e-02
-15.0  71.3  4.0 48618 1.00e+00
-10.0  57.4  4.0 48618 1.00e+00
  5.0 -12.2  0.0 175 3.60e-03
 20.0  39.2  0.0 19 3.91e-04
 15.0  18.4  0.0 2630 5.41e-02
-30.0   9.1  0.0 343 7.06e-03
-10.0 -21.6  1.0 16 3.29e-04
-20.0 -24.9  2.0 1537 3.16e-02
-25.0 -12.2  1.0 58 1.19e-03
-25.0 -71.3  7.0 48618 1.00e+00
 20.0  31.8  0.0 671 1.38e-02
-15.0  47.5  4.0 48618 1.00e+00
  0.0 -39.2  2.0 3 6.17e-05
  5.0 -28.3  1.0 10 2.06e-04
 25.0  18.4  0.0 2793 5.74e-02
 30.0 -28.3  0.0 1 2.06e-05
 20.0  21.6  0.0 2264 4.66e-02
 -5.0  -9.1  0.0 96 1.97e-03
 10.0  71.3  4.0 48618 1.00e+00
-25.0  52.1  4.0 48618 1.00e+00
-15.0 -15.3  1.0 113 2.32e-03
-20.0  -6.0  1.0 764 1.57e-02
 10.0  15.3  0.0 2800 5.76e-02
-30.0 -28.3  2.0 835 1.72e-02
-30.0 -52.1  5.0 2041 4.20e-02
 30.0  15.3  0.0 3138 6.45e-02
 20.0 -52.1  7.0 48618 1.00e+00
  5.0 -47.5  5.0 1266 2.60e-02
 25.0 -57.4  7.0 48618 1.00e+00
-20.0  12.2  0.0 648 1.33e-02
-25.0 -52.1  5.0 1938 3.99e-02
 10.0 -39.2  3.0 319 6.56e-03
-10.0 -43.2  3.0 325 6.68e-03
-10.0   3.0  0.0 459 9.44e-03
 -5.0 -24.9  1.0 7 1.44e-04
-10.0 -24.9  2.0 1606 3.30e-02
 15.0  28.3  0.0 1142 2.35e-02
-15.0  28.3  0.0 873 1.80e-02
  5.0 -57.4  7.0 48618 1.00e+00
-20.0 -12.2  1.0 140 2.88e-03
 25.0  12.2  0.0 3265 6.72e-02
  5.0 -71.3  7.0 48618 1.00e+00
 25.0 -71.3  7.0 48618 1.00e+00
 30.0  52.1  2.0 1245 2.56e-02
 -5.0 -28.3  2.0 912 1.88e-02
 15.0 -71.3  7.0 48618 1.00e+00
 25.0  39.2  0.0 4 8.23e-05
 10.0  63.5  4.0 48618 1.00e+00
 15.0 -12.2  0.0 1439 2.96e-02
  5.0  35.4  0.0 228 4.69e-03
 -5.0  39.2  0.0 15 3.09e-04
 20.0  -6.0  0.0 2440 5.02e-02
 15.0 -31.8  1.0 4 8.23e-05
-30.0  15.3  0.0 763 1.57e-02
-15.0  35.4  0.0 139 2.86e-03
 10.0 -28.3  1.0 39 8.02e-04
-10.0  12.2  0.0 1176 2.42e-02
-20.0  52.1  4.0 48618 1.00e+00
 30.0  31.8  0.0 702 1.44e-02
-25.0  24.9  0.0 1356 2.79e-02
-15.0  52.1  4.0 48618 1.00e+00
  0.0  -9.1  0.0 215 4.42e-03
-15.0 -39.2  3.0 1214 2.50e-02
 10.0  -9.1  0.0 1382 2.84e-02
 20.0 -24.9  0.0 45 9.26e-04
 25.0 -63.5  7.0 48618 1.00e+00
  5.0  43.2  1.0 629 1.29e-02
 15.0 -24.9  1.0 367 7.55e-03
-30.0  -3.0  1.0 958 1.97e-02
-30.0  18.4  0.0 1004 2.07e-02
-20.0  -3.0  0.0 15 3.09e-04
 -5.0 -57.4  7.0 48618 1.00e+00
-15.0  15.3  0.0 1018 2.09e-02
-30.0 -63.5  7.0 48618 1.00e+00
 -5.0  63.5  4.0 48618 1.00e+00
-25.0  63.5  4.0 48618 1.00e+00
-10.0  39.2  0.0 9 1.85e-04
-10.0  71.3  4.0 48618 1.00e+00
-20.0  43.2  4.0 48618 1.00e+00
 10.0 -21.6  0.0 11 2.26e-04
  0.0 -31.8  2.0 441 9.07e-03
-30.0  47.5  4.0 48618 1.00e+00
 25.0  15.3  0.0 3123 6.42e-02
 30.0 -43.2  7.0 48618 1.00e+00
  0.0 -18.4  0.0 1 2.06e-05
-15.0 -28.3  2.0 866 1.78e-02
 30.0 -47.5  7.0 48618 1.00e+00
  5.0  21.6  0.0 2037 4.19e-02
  0.0 -47.5  4.0 18 3.70e-04
 10.0 -24.9  1.0 168 3.46e-03
 25.0 -39.2  7.0 48618 1.00e+00
  5.0  -6.0  0.0 1077 2.22e-02
 10.0   0.0  0.0 2489 5.12e-02
  5.0 -31.8  2.0 459 9.44e-03
 10.0 -52.1  7.0 48618 1.00e+00
 -5.0  18.4  0.0 2113 4.35e-02
  5.0 -63.5  7.0 48618 1.00e+00
 30.0  71.3  4.0 48618 1.00e+00
 25.0  -3.0  0.0 2857 5.88e-02
-15.0  -3.0  0.0 93 1.91e-03
-15.0 -47.5  3.0 1 2.06e-05
 25.0   9.1  0.0 3335 6.86e-02
 30.0  -9.1  0.0 2288 4.71e-02
 10.0  -3.0  0.0 2169 4.46e-02
-10.0 -39.2  3.0 1082 2.23e-02
 -5.0  -3.0  0.0 311 6.40e-03
-30.0  57.4  4.0 48618 1.00e+00
 10.0  18.4  0.0 2521 5.19e-02
 20.0  -3.0  0.0 2684 5.52e-02
-20.0   9.1  0.0 471 9.69e-03
-25.0 -21.6  2.0 2346 4.83e-02
 20.0  12.2  0.0 3217 6.62e-02
 -5.0   9.1  0.0 1770 3.64e-02
-30.0  39.2  4.0 48618 1.00e+00
  0.0   3.0  0.0 1804 3.71e-02
-30.0 -35.4  2.0 52 1.07e-03
-25.0 -35.4  2.0 55 1.13e-03
-30.0  28.3  0.0 1287 2.65e-02
  5.0  39.2  0.0 24 4.94e-04
-20.0   0.0  0.0 77 1.58e-03
-30.0 -39.2  3.0 1353 2.78e-02
-20.0 -52.1  5.0 1599 3.29e-02
 -5.0  24.9  0.0 1402 2.88e-02
-15.0  -9.1  1.0 624 1.28e-02
 10.0  -6.0  0.0 1812 3.73e-02
-30.0   0.0  1.0 1669 3.43e-02
 30.0  63.5  4.0 48618 1.00e+00
-20.0 -15.3  1.0 41 8.43e-04
-25.0  12.2  0.0 582 1.20e-02
-25.0 -28.3  2.0 825 1.70e-02
-25.0   3.0  0.0 68 1.40e-03
 25.0  63.5  4.0 48618 1.00e+00
 25.0   6.0  0.0 3327 6.84e-02
-30.0  21.6  0.0 1233 2.54e-02
-25.0   9.1  0.0 376 7.73e-03
  5.0  63.5  4.0 48618 1.00e+00
  5.0  12.2  0.0 2768 5.69e-02
 20.0   9.1  0.0 3301 6.79e-02
