-10.0   9.6  0.0 94 1.96e-03
 10.0 -26.4  2.0 365 7.61e-03
  0.0  70.8  4.0 47952 1.00e+00
 10.0 -46.2  5.0 7 1.46e-04
 30.0 -37.7  7.0 47952 1.00e+00
-20.0  62.7  4.0 47952 1.00e+00
-15.0 -37.7  3.0 385 8.03e-03
 10.0 -62.7  7.0 47952 1.00e+00
-15.0 -22.9  2.0 398 8.30e-03
-25.0 -22.9  2.0 385 8.03e-03
 15.0 -62.7  7.0 47952 1.00e+00
-25.0  51.1  4.0 47952 1.00e+00
 30.0 -70.8  7.0 47952 1.00e+00
 15.0  30.0  0.0 23 4.80e-04
 30.0   0.0  0.0 518 1.08e-02
 15.0 -26.4  1.0 18 3.75e-04
 20.0 -26.4  1.0 253 5.28e-03
-10.0  56.4  4.0 47952 1.00e+00
-25.0 -12.8  2.0 874 1.82e-02
-20.0 -46.2  4.0 607 1.27e-02
-15.0 -56.4  7.0 47952 1.00e+00
  0.0 -46.2  4.0 17 3.55e-04
 -5.0  -3.2  1.0 316 6.59e-03
-10.0 -37.7  3.0 315 6.57e-03
  5.0  62.7  4.0 47952 1.00e+00
  0.0  -9.6  1.0 166 3.46e-03
-10.0   0.0  1.0 164 3.42e-03
 15.0 -56.4  7.0 47952 1.00e+00
-15.0 -41.8  3.0 62 1.29e-03
 10.0  37.7  1.0 399 8.32e-03
-20.0   3.2  1.0 10 2.09e-04
 30.0  46.2  1.0 23 4.80e-04
  0.0   9.6  0.0 468 9.76e-03
 20.0 -56.4  7.0 47952 1.00e+00
 -5.0 -19.5  2.0 707 1.47e-02
 15.0 -12.8  0.0 459 9.57e-03
-20.0  -9.6  2.0 1126 2.35e-02
 20.0  -6.4  0.0 657 1.37e-02
  0.0  22.9  0.0 196 4.09e-03
 30.0 -12.8  0.0 638 1.33e-02
 30.0 -62.7  7.0 47952 1.00e+00
 -5.0  16.1  0.0 356 7.42e-03
 15.0  33.7  1.0 643 1.34e-02
 30.0 -51.1  7.0 47952 1.00e+00
 10.0 -30.0  2.0 120 2.50e-03
 15.0   9.6  0.0 404 8.43e-03
-10.0  37.7  1.0 335 6.99e-03
  0.0  16.1  0.0 357 7.44e-03
-10.0  62.7  4.0 47952 1.00e+00
 20.0  51.1  2.0 964 2.01e-02
 30.0 -56.4  7.0 47952 1.00e+00
 25.0  37.7  1.0 402 8.38e-03
-30.0  -3.2  2.0 1367 2.85e-02
 20.0 -51.1  7.0 47952 1.00e+00
-30.0  26.4  0.0 81 1.69e-03
 15.0  -6.4  0.0 675 1.41e-02
 30.0 -30.0  0.0 5 1.04e-04
-15.0   9.6  1.0 298 6.21e-03
 30.0  51.1  2.0 1188 2.48e-02
-30.0 -56.4  7.0 47952 1.00e+00
  5.0  26.4  0.0 101 2.11e-03
-10.0  41.8  1.0 39 8.13e-04
 20.0  19.5  0.0 119 2.48e-03
  0.0 -26.4  2.0 274 5.71e-03
 30.0 -16.1  0.0 643 1.34e-02
 -5.0  37.7  1.0 368 7.67e-03
 -5.0 -37.7  3.0 262 5.46e-03
-20.0  41.8  2.0 25 5.21e-04
 25.0   0.0  0.0 571 1.19e-02
-25.0   0.0  2.0 1655 3.45e-02
-15.0   6.4  1.0 168 3.50e-03
 15.0  22.9  0.0 86 1.79e-03
  5.0 -37.7  3.0 149 3.11e-03
 20.0  37.7  1.0 409 8.53e-03
  0.0 -70.8  7.0 47952 1.00e+00
  5.0 -33.7  2.0 17 3.55e-04
  5.0  -3.2  0.0 418 8.72e-03
  5.0  41.8  1.0 179 3.73e-03
-25.0  16.1  1.0 63 1.31e-03
-10.0  -6.4  1.0 9 1.88e-04
 -5.0 -62.7  7.0 47952 1.00e+00
 30.0  56.4  4.0 47952 1.00e+00
 -5.0 -46.2  4.0 111 2.31e-03
-10.0  12.8  0.0 170 3.55e-03
 15.0  46.2  1.0 22 4.59e-04
  0.0 -33.7  2.0 15 3.13e-04
-15.0  51.1  4.0 47952 1.00e+00
  5.0 -16.1  1.0 86 1.79e-03
 20.0 -70.8  7.0 47952 1.00e+00
 25.0  33.7  1.0 632 1.32e-02
 10.0 -33.7  2.0 21 4.38e-04
-30.0 -16.1  2.0 704 1.47e-02
  5.0  51.1  2.0 120 2.50e-03
-15.0  -6.4  2.0 1566 3.27e-02
-25.0 -46.2  4.0 681 1.42e-02
-25.0 -16.1  2.0 727 1.52e-02
 30.0 -41.8  7.0 47952 1.00e+00
  5.0  -6.4  0.0 234 4.88e-03
-15.0   0.0  1.0 24 5.01e-04
-20.0  16.1  0.0 15 3.13e-04
 25.0 -12.8  0.0 662 1.38e-02
-20.0 -16.1  2.0 740 1.54e-02
 25.0  22.9  0.0 53 1.11e-03
  0.0   0.0  0.0 249 5.19e-03
-30.0 -46.2  4.0 725 1.51e-02
-25.0 -56.4  7.0 47952 1.00e+00
  0.0 -16.1  1.0 8 1.67e-04
-15.0  30.0  0.0 199 4.15e-03
-30.0 -70.8  7.0 47952 1.00e+00
-15.0 -33.7  2.0 6 1.25e-04
-25.0  62.7  4.0 47952 1.00e+00
 -5.0 -16.1  2.0 992 2.07e-02
-20.0 -12.8  2.0 930 1.94e-02
 10.0   9.6  0.0 463 9.66e-03
 15.0  19.5  0.0 145 3.02e-03
-30.0 -12.8  2.0 845 1.76e-02
 15.0  -3.2  0.0 699 1.46e-02
  5.0  19.5  0.0 225 4.69e-03
 -5.0  51.1  4.0 47952 1.00e+00
-20.0   6.4  1.0 38 7.92e-04
-20.0  46.2  4.0 47952 1.00e+00
-15.0 -46.2  4.0 458 9.55e-03
 25.0 -30.0  1.0 141 2.94e-03
 30.0  22.9  0.0 47 9.80e-04
 25.0  -6.4  0.0 640 1.33e-02
 30.0 -19.5  0.0 669 1.40e-02
  0.0  62.7  4.0 47952 1.00e+00
 20.0  30.0  0.0 12 2.50e-04
 20.0  56.4  4.0 47952 1.00e+00
 30.0 -26.4  0.0 260 5.42e-03
-30.0  56.4  4.0 47952 1.00e+00
-10.0 -70.8  7.0 47952 1.00e+00
 20.0   3.2  0.0 557 1.16e-02
 25.0   6.4  0.0 423 8.82e-03
 -5.0 -12.8  2.0 1372 2.86e-02
-30.0 -51.1  5.0 921 1.92e-02
-20.0 -56.4  7.0 47952 1.00e+00
  0.0  30.0  0.0 78 1.63e-03
 25.0  16.1  0.0 169 3.52e-03
  5.0   9.6  0.0 491 1.02e-02
 15.0  12.8  0.0 303 6.32e-03
-25.0  26.4  0.0 149 3.11e-03
 20.0 -22.9  0.0 114 2.38e-03
 -5.0   6.4  0.0 198 4.13e-03
 10.0 -22.9  1.0 17 3.55e-04
 30.0  37.7  1.0 402 8.38e-03
 -5.0  26.4  0.0 160 3.34e-03
  0.0  19.5  0.0 290 6.05e-03
 10.0  33.7  0.0 3 6.26e-05
 10.0 -70.8  7.0 47952 1.00e+00
-20.0 -62.7  7.0 47952 1.00e+00
 15.0   0.0  0.0 671 1.40e-02
 25.0 -51.1  7.0 47952 1.00e+00
-30.0 -37.7  3.0 483 1.01e-02
-10.0  19.5  0.0 288 6.01e-03
-30.0 -41.8  3.0 89 1.86e-03
-25.0 -33.7  3.0 807 1.68e-02
 -5.0  12.8  0.0 342 7.13e-03
-30.0  -9.6  2.0 978 2.04e-02
 -5.0  33.7  0.0 38 7.92e-04
 15.0  51.1  2.0 745 1.55e-02
-20.0  12.8  1.0 133 2.77e-03
 25.0  70.8  4.0 47952 1.00e+00
-25.0   3.2  2.0 1918 4.00e-02
-30.0  37.7  4.0 47952 1.00e+00
-25.0 -37.7  3.0 480 1.00e-02
 -5.0 -51.1  6.0 3931 8.20e-02
  5.0  12.8  0.0 408 8.51e-03
-10.0  46.2  2.0 152 3.17e-03
 10.0  16.1  0.0 257 5.36e-03
 20.0   6.4  0.0 465 9.70e-03
 10.0 -37.7  3.0 73 1.52e-03
 15.0 -30.0  2.0 154 3.21e-03
 20.0  62.7  4.0 47952 1.00e+00
 25.0  -9.6  0.0 645 1.35e-02
-30.0   3.2  2.0 1842 3.84e-02
-15.0  -3.2  1.0 2 4.17e-05
 15.0   6.4  0.0 520 1.08e-02
 -5.0 -30.0  2.0 94 1.96e-03
-25.0  22.9  0.0 44 9.18e-04
-15.0  22.9  0.0 209 4.36e-03
-30.0 -26.4  2.0 200 4.17e-03
-25.0 -26.4  2.0 200 4.17e-03
  0.0 -19.5  2.0 873 1.82e-02
 -5.0  46.2  2.0 915 1.91e-02
 25.0 -16.1  0.0 662 1.38e-02
 30.0  33.7  1.0 633 1.32e-02
-25.0  19.5  1.0 154 3.21e-03
-15.0  62.7  4.0 47952 1.00e+00
-30.0  41.8  4.0 47952 1.00e+00
-25.0  30.0  0.0 187 3.90e-03
-15.0 -70.8  7.0 47952 1.00e+00
 10.0   0.0  0.0 639 1.33e-02
  0.0  56.4  4.0 47952 1.00e+00
-10.0 -46.2  4.0 262 5.46e-03
 -5.0  22.9  0.0 214 4.46e-03
 25.0 -37.7  5.0 414 8.63e-03
  0.0   6.4  0.0 457 9.53e-03
-30.0  70.8  4.0 47952 1.00e+00
 10.0  51.1  2.0 456 9.51e-03
-25.0  -3.2  2.0 1435 2.99e-02
-15.0  41.8  2.0 1204 2.51e-02
 10.0  12.8  0.0 345 7.19e-03
 15.0  62.7  4.0 47952 1.00e+00
 10.0  56.4  4.0 47952 1.00e+00
-25.0 -19.5  2.0 561 1.17e-02
-25.0  -9.6  2.0 1036 2.16e-02
 10.0  46.2  1.0 8 1.67e-04
 -5.0  -9.6  1.0 20 4.17e-04
  5.0  46.2  1.0 1 2.09e-05
-20.0 -37.7  3.0 451 9.41e-03
-20.0  22.9  0.0 153 3.19e-03
 30.0  16.1  0.0 169 3.52e-03
 30.0 -46.2  7.0 47952 1.00e+00
 15.0  41.8  1.0 223 4.65e-03
 20.0  46.2  1.0 25 5.21e-04
-15.0  19.5  0.0 163 3.40e-03
-10.0  26.4  0.0 200 4.17e-03
 20.0  33.7  1.0 639 1.33e-02
-25.0  56.4  4.0 47952 1.00e+00
-30.0  12.8  1.0 2 4.17e-05
  5.0 -56.4  7.0 47952 1.00e+00
 25.0  56.4  4.0 47952 1.00e+00
-20.0  -6.4  2.0 1342 2.80e-02
 25.0 -26.4  0.0 131 2.73e-03
  5.0 -12.8  1.0 300 6.26e-03
  5.0  37.7  1.0 409 8.53e-03
-15.0  26.4  0.0 251 5.23e-03
 25.0 -33.7  2.0 1 2.09e-05
  5.0  22.9  0.0 158 3.29e-03
 20.0  -9.6  0.0 650 1.36e-02
-10.0 -56.4  7.0 47952 1.00e+00
-10.0   6.4  0.0 19 3.96e-04
-20.0  37.7  1.0 101 2.11e-03
 20.0   0.0  0.0 652 1.36e-02
  5.0 -30.0  2.0 115 2.40e-03
 20.0 -46.2  7.0 47952 1.00e+00
-20.0  -3.2  2.0 1591 3.32e-02
  5.0   3.2  0.0 578 1.21e-02
 30.0   9.6  0.0 318 6.63e-03
 15.0 -51.1  7.0 47952 1.00e+00
-25.0  12.8  1.0 37 7.72e-04
 30.0  26.4  0.0 15 3.13e-04
 25.0 -22.9  0.0 447 9.32e-03
-10.0  -9.6  2.0 1533 3.20e-02
-20.0 -70.8  7.0 47952 1.00e+00
 30.0  41.8  1.0 240 5.01e-03
-15.0 -51.1  5.0 354 7.38e-03
 10.0  62.7  4.0 47952 1.00e+00
-10.0 -19.5  2.0 615 1.28e-02
  0.0  -3.2  0.0 93 1.94e-03
-15.0  -9.6  2.0 1275 2.66e-02
 30.0  -3.2  0.0 535 1.12e-02
  0.0   3.2  0.0 363 7.57e-03
-25.0  33.7  0.0 73 1.52e-03
 10.0  22.9  0.0 124 2.59e-03
 20.0 -37.7  4.0 184 3.84e-03
  5.0  30.0  0.0 56 1.17e-03
-20.0 -30.0  2.0 52 1.08e-03
  5.0 -46.2  5.0 562 1.17e-02
-10.0 -51.1  5.0 89 1.86e-03
 25.0 -62.7  7.0 47952 1.00e+00
 -5.0   0.0  0.0 14 2.92e-04
-20.0  51.1  4.0 47952 1.00e+00
 20.0 -19.5  0.0 393 8.20e-03
  0.0  26.4  0.0 125 2.61e-03
 -5.0  19.5  0.0 354 7.38e-03
 20.0  70.8  4.0 47952 1.00e+00
-30.0 -22.9  2.0 377 7.86e-03
  0.0  51.1  4.0 47952 1.00e+00
 10.0  -6.4  0.0 564 1.18e-02
 30.0  -6.4  0.0 586 1.22e-02
 30.0  19.5  0.0 101 2.11e-03
  0.0  12.8  0.0 428 8.93e-03
 -5.0  70.8  4.0 47952 1.00e+00
-30.0  46.2  4.0 47952 1.00e+00
-10.0  33.7  0.0 49 1.02e-03
  0.0  46.2  2.0 1633 3.41e-02
 25.0  62.7  4.0 47952 1.00e+00
 15.0 -19.5  0.0 53 1.11e-03
 20.0 -62.7  7.0 47952 1.00e+00
 15.0 -33.7  2.0 11 2.29e-04
 15.0  70.8  4.0 47952 1.00e+00
 20.0  22.9  0.0 67 1.40e-03
 -5.0 -26.4  2.0 249 5.19e-03
  0.0 -51.1  7.0 47952 1.00e+00
 10.0  -3.2  0.0 641 1.34e-02
 -5.0  62.7  4.0 47952 1.00e+00
  5.0   0.0  0.0 534 1.11e-02
  5.0   6.4  0.0 553 1.15e-02
-10.0 -26.4  2.0 227 4.73e-03
-10.0  30.0  0.0 154 3.21e-03
 25.0  51.1  2.0 1132 2.36e-02
 15.0  56.4  4.0 47952 1.00e+00
 -5.0  -6.4  1.0 101 2.11e-03
-20.0  19.5  0.0 60 1.25e-03
-20.0 -51.1  5.0 637 1.33e-02
 -5.0  56.4  4.0 47952 1.00e+00
-15.0  46.2  4.0 47952 1.00e+00
-10.0  51.1  4.0 47952 1.00e+00
-15.0  33.7  0.0 70 1.46e-03
-20.0  30.0  0.0 238 4.96e-03
 -5.0  30.0  0.0 104 2.17e-03
 25.0  19.5  0.0 102 2.13e-03
-10.0 -12.8  2.0 1146 2.39e-02
  5.0 -62.7  7.0 47952 1.00e+00
 20.0  -3.2  0.0 666 1.39e-02
-20.0 -26.4  2.0 196 4.09e-03
  0.0  -6.4  0.0 9 1.88e-04
 15.0  -9.6  0.0 604 1.26e-02
-15.0 -26.4  2.0 215 4.48e-03
 10.0 -12.8  0.0 115 2.40e-03
 10.0   3.2  0.0 621 1.30e-02
 -5.0 -33.7  2.0 17 3.55e-04
-20.0   0.0  2.0 1839 3.84e-02
-10.0 -22.9  2.0 423 8.82e-03
  0.0 -62.7  7.0 47952 1.00e+00
 10.0  -9.6  0.0 356 7.42e-03
-20.0  70.8  4.0 47952 1.00e+00
-10.0  -3.2  1.0 44 9.18e-04
 30.0 -22.9  0.0 586 1.22e-02
-15.0  70.8  4.0 47952 1.00e+00
  5.0 -41.8  3.0 1 2.09e-05
  5.0  33.7  0.0 16 3.34e-04
 20.0  12.8  0.0 287 5.99e-03
 15.0  26.4  0.0 58 1.21e-03
-30.0   9.6  2.0 2142 4.47e-02
-10.0 -16.1  2.0 865 1.80e-02
-20.0 -22.9  2.0 383 7.99e-03
 25.0  41.8  1.0 232 4.84e-03
-25.0 -70.8  7.0 47952 1.00e+00
  5.0  70.8  4.0 47952 1.00e+00
  0.0 -12.8  1.0 45 9.38e-04
  5.0 -51.1  7.0 47952 1.00e+00
 25.0  26.4  0.0 21 4.38e-04
 20.0  16.1  0.0 178 3.71e-03
 -5.0 -70.8  7.0 47952 1.00e+00
-30.0  -6.4  2.0 1160 2.42e-02
 10.0  70.8  4.0 47952 1.00e+00
-25.0  37.7  2.0 563 1.17e-02
 25.0  -3.2  0.0 621 1.30e-02
-15.0 -12.8  2.0 1022 2.13e-02
-10.0 -62.7  7.0 47952 1.00e+00
  5.0  -9.6  0.0 44 9.18e-04
 30.0   6.4  0.0 402 8.38e-03
-10.0  70.8  4.0 47952 1.00e+00
 25.0 -56.4  7.0 47952 1.00e+00
-20.0  26.4  0.0 224 4.67e-03
-25.0 -51.1  5.0 845 1.76e-02
-10.0 -33.7  2.0 15 3.13e-04
  5.0 -26.4  2.0 317 6.61e-03
  0.0  33.7  0.0 32 6.67e-04
 10.0 -19.5  1.0 123 2.57e-03
 -5.0 -41.8  3.0 24 5.01e-04
-10.0 -41.8  3.0 46 9.59e-04
-30.0  30.0  0.0 195 4.07e-03
-15.0 -16.1  2.0 794 1.66e-02
-20.0 -41.8  3.0 74 1.54e-03
-25.0 -41.8  3.0 85 1.77e-03
  5.0 -70.8  7.0 47952 1.00e+00
 25.0 -70.8  7.0 47952 1.00e+00
 -5.0 -22.9  2.0 459 9.57e-03
 15.0 -70.8  7.0 47952 1.00e+00
 25.0  12.8  0.0 241 5.03e-03
 15.0 -22.9  1.0 186 3.88e-03
-30.0 -30.0  2.0 30 6.26e-04
 20.0  41.8  1.0 240 5.01e-03
  5.0  56.4  4.0 47952 1.00e+00
 -5.0   3.2  0.0 107 2.23e-03
-30.0 -19.5  2.0 555 1.16e-02
 30.0 -33.7  3.0 480 1.00e-02
-15.0  56.4  4.0 47952 1.00e+00
 30.0  62.7  4.0 47952 1.00e+00
 10.0 -51.1  7.0 47952 1.00e+00
-10.0  22.9  0.0 236 4.92e-03
  0.0 -37.7  3.0 195 4.07e-03
 25.0 -41.8  7.0 47952 1.00e+00
  0.0 -56.4  7.0 47952 1.00e+00
 25.0  30.0  0.0 3 6.26e-05
 10.0  41.8  1.0 193 4.02e-03
-15.0 -62.7  7.0 47952 1.00e+00
 10.0 -56.4  7.0 47952 1.00e+00
 20.0 -41.8  6.0 2398 5.00e-02
 15.0 -37.7  3.0 19 3.96e-04
 25.0 -19.5  0.0 583 1.22e-02
 15.0  16.1  0.0 216 4.50e-03
 10.0   6.4  0.0 564 1.18e-02
 15.0 -41.8  4.0 2 4.17e-05
 30.0  30.0  1.0 951 1.98e-02
-30.0  22.9  1.0 214 4.46e-03
 -5.0  41.8  1.0 99 2.06e-03
 -5.0 -56.4  7.0 47952 1.00e+00
 20.0 -33.7  2.0 7 1.46e-04
-15.0  16.1  0.0 92 1.92e-03
-30.0   0.0  2.0 1590 3.32e-02
-30.0  62.7  4.0 47952 1.00e+00
-25.0 -62.7  7.0 47952 1.00e+00
-15.0 -30.0  2.0 69 1.44e-03
 30.0  12.8  0.0 244 5.09e-03
 25.0  46.2  1.0 28 5.84e-04
-20.0  33.7  0.0 77 1.61e-03
 10.0 -16.1  0.0 6 1.25e-04
 25.0   3.2  0.0 525 1.09e-02
-30.0   6.4  2.0 2050 4.28e-02
  0.0 -41.8  3.0 8 1.67e-04
 10.0  30.0  0.0 34 7.09e-04
  5.0  16.1  0.0 301 6.28e-03
 10.0 -41.8  4.0 147 3.07e-03
 25.0 -46.2  7.0 47952 1.00e+00
-25.0   6.4  2.0 2091 4.36e-02
-25.0  46.2  4.0 47952 1.00e+00
 10.0  19.5  0.0 175 3.65e-03
  0.0  41.8  1.0 145 3.02e-03
  5.0 -22.9  2.0 640 1.33e-02
  5.0 -19.5  1.0 10 2.09e-04
 30.0  70.8  4.0 47952 1.00e+00
-15.0 -19.5  2.0 576 1.20e-02
-15.0  37.7  1.0 227 4.73e-03
 25.0   9.6  0.0 346 7.22e-03
 30.0  -9.6  0.0 620 1.29e-02
 15.0   3.2  0.0 596 1.24e-02
 10.0  26.4  0.0 84 1.75e-03
  0.0  37.7  1.0 376 7.84e-03
  0.0 -22.9  2.0 514 1.07e-02
-20.0   9.6  1.0 84 1.75e-03
-25.0  -6.4  2.0 1222 2.55e-02
 15.0 -46.2  7.0 47952 1.00e+00
 20.0  26.4  0.0 33 6.88e-04
 -5.0   9.6  0.0 286 5.96e-03
 15.0  37.7  1.0 407 8.49e-03
-30.0  33.7  0.0 63 1.31e-03
-15.0  12.8  0.0 33 6.88e-04
  0.0 -30.0  2.0 107 2.23e-03
 20.0 -12.8  0.0 636 1.33e-02
-30.0  51.1  4.0 47952 1.00e+00
-20.0 -19.5  2.0 570 1.19e-02
-30.0 -33.7  3.0 790 1.65e-02
 30.0   3.2  0.0 457 9.53e-03
-30.0 -62.7  7.0 47952 1.00e+00
 20.0 -30.0  1.0 1 2.09e-05
-25.0  70.8  4.0 47952 1.00e+00
-10.0  16.1  0.0 259 5.40e-03
-10.0   3.2  1.0 334 6.97e-03
-30.0  19.5  1.0 96 2.00e-03
-10.0 -30.0  2.0 85 1.77e-03
-20.0 -33.7  2.0 2 4.17e-05
-20.0  56.4  4.0 47952 1.00e+00
-25.0  41.8  4.0 47952 1.00e+00
-25.0 -30.0  2.0 41 8.55e-04
 15.0 -16.1  0.0 264 5.51e-03
 20.0 -16.1  0.0 564 1.18e-02
-30.0  16.1  1.0 33 6.88e-04
-25.0   9.6  1.0 19 3.96e-04
-15.0   3.2  1.0 91 1.90e-03
 20.0   9.6  0.0 371 7.74e-03
