-10.0   9.1  0.0 158 3.25e-03
 10.0 -18.4  1.0 288 5.92e-03
  0.0  71.3  4.0 48618 1.00e+00
 30.0 -39.2  7.0 48618 1.00e+00
  0.0  52.1  4.0 48618 1.00e+00
-15.0 -18.4  2.0 1089 2.24e-02
-25.0 -24.9  2.0 535 1.10e-02
 15.0 -43.2  5.0 155 3.19e-03
-20.0 -31.8  2.0 55 1.13e-03
-30.0  24.9  0.0 380 7.82e-03
 25.0 -28.3  1.0 264 5.43e-03
 30.0 -71.3  7.0 48618 1.00e+00
 25.0   0.0  0.0 916 1.88e-02
-15.0  24.9  0.0 438 9.01e-03
 20.0 -18.4  0.0 442 9.09e-03
-10.0  35.4  0.0 29 5.96e-04
-15.0  -6.0  1.0 8 1.65e-04
-25.0 -43.2  3.0 29 5.96e-04
-20.0 -39.2  3.0 348 7.16e-03
-15.0 -57.4  7.0 48618 1.00e+00
 20.0  57.4  4.0 48618 1.00e+00
-10.0  63.5  4.0 48618 1.00e+00
 25.0 -52.1  7.0 48618 1.00e+00
-20.0  63.5  4.0 48618 1.00e+00
  0.0 -15.3  1.0 54 1.11e-03
 -5.0 -15.3  1.0 5 1.03e-04
  0.0 -35.4  2.0 9 1.85e-04
 -5.0   6.0  0.0 207 4.26e-03
-10.0 -47.5  4.0 95 1.95e-03
 15.0 -57.4  7.0 48618 1.00e+00
 30.0  24.9  0.0 192 3.95e-03
  0.0  63.5  4.0 48618 1.00e+00
-10.0   0.0  0.0 1 2.06e-05
-15.0   6.0  0.0 9 1.85e-04
  0.0   9.1  0.0 583 1.20e-02
 20.0 -71.3  7.0 48618 1.00e+00
-15.0   3.0  1.0 139 2.86e-03
 15.0 -15.3  0.0 314 6.46e-03
-30.0  31.8  0.0 164 3.37e-03
-20.0 -35.4  2.0 1 2.06e-05
 20.0 -39.2  4.0 5 1.03e-04
  0.0  12.2  0.0 601 1.24e-02
 -5.0  31.8  0.0 155 3.19e-03
 25.0  -6.0  0.0 1043 2.15e-02
-30.0   6.0  1.0 4 8.23e-05
 30.0 -15.3  0.0 1039 2.14e-02
 -5.0  21.6  0.0 475 9.77e-03
 15.0   0.0  0.0 835 1.72e-02
 15.0  39.2  1.0 670 1.38e-02
-25.0  -3.0  2.0 2473 5.09e-02
 30.0 -52.1  7.0 48618 1.00e+00
 15.0   9.1  0.0 676 1.39e-02
 -5.0  57.4  4.0 48618 1.00e+00
-30.0  43.2  4.0 48618 1.00e+00
 20.0  28.3  0.0 102 2.10e-03
 30.0 -35.4  7.0 48618 1.00e+00
 30.0  21.6  0.0 317 6.52e-03
 20.0 -31.8  2.0 60 1.23e-03
 15.0 -47.5  7.0 48618 1.00e+00
 20.0 -21.6  0.0 138 2.84e-03
 15.0 -21.6  1.0 395 8.12e-03
 15.0  57.4  4.0 48618 1.00e+00
 15.0  47.5  2.0 2869 5.90e-02
-15.0   9.1  0.0 47 9.67e-04
 30.0  28.3  0.0 78 1.60e-03
-30.0 -57.4  7.0 48618 1.00e+00
  5.0  24.9  0.0 289 5.94e-03
-25.0  -6.0  2.0 2120 4.36e-02
 15.0  63.5  4.0 48618 1.00e+00
  0.0 -24.9  2.0 500 1.03e-02
 25.0  47.5  2.0 3472 7.14e-02
-25.0 -31.8  2.0 52 1.07e-03
 -5.0 -39.2  3.0 160 3.29e-03
-15.0  43.2  2.0 346 7.12e-03
 25.0 -47.5  7.0 48618 1.00e+00
-25.0 -63.5  7.0 48618 1.00e+00
-15.0  21.6  0.0 422 8.68e-03
 15.0  24.9  0.0 219 4.50e-03
 25.0  24.9  0.0 196 4.03e-03
 -5.0   3.0  0.0 108 2.22e-03
  0.0 -57.4  7.0 48618 1.00e+00
-15.0 -12.2  2.0 1688 3.47e-02
 15.0   6.0  0.0 750 1.54e-02
 15.0  -3.0  0.0 847 1.74e-02
  5.0 -43.2  4.0 199 4.09e-03
-25.0  15.3  0.0 23 4.73e-04
 10.0 -57.4  7.0 48618 1.00e+00
 30.0  35.4  1.0 1097 2.26e-02
  5.0   6.0  0.0 652 1.34e-02
-10.0  21.6  0.0 494 1.02e-02
 15.0 -28.3  2.0 337 6.93e-03
  5.0 -21.6  1.0 9 1.85e-04
 30.0 -57.4  7.0 48618 1.00e+00
 25.0  43.2  1.0 353 7.26e-03
-10.0  15.3  0.0 434 8.93e-03
 -5.0 -52.1  7.0 48618 1.00e+00
-15.0  57.4  4.0 48618 1.00e+00
  5.0 -18.4  1.0 64 1.32e-03
-25.0 -15.3  2.0 1369 2.82e-02
 30.0 -24.9  0.0 138 2.84e-03
-15.0 -63.5  7.0 48618 1.00e+00
-20.0  21.6  0.0 295 6.07e-03
 25.0 -15.3  0.0 945 1.94e-02
 20.0 -57.4  7.0 48618 1.00e+00
-20.0 -43.2  3.0 29 5.96e-04
 15.0  12.2  0.0 612 1.26e-02
-25.0 -18.4  2.0 1134 2.33e-02
  0.0 -63.5  7.0 48618 1.00e+00
  5.0  57.4  4.0 48618 1.00e+00
-25.0 -57.4  7.0 48618 1.00e+00
  0.0 -21.6  2.0 860 1.77e-02
-30.0 -71.3  7.0 48618 1.00e+00
-15.0 -21.6  2.0 819 1.68e-02
 10.0  57.4  4.0 48618 1.00e+00
-10.0  43.2  1.0 1 2.06e-05
 10.0   9.1  0.0 664 1.37e-02
-30.0 -15.3  2.0 1368 2.81e-02
 15.0  31.8  0.0 43 8.84e-04
-25.0   6.0  1.0 48 9.87e-04
 -5.0  52.1  4.0 48618 1.00e+00
  5.0  28.3  0.0 209 4.30e-03
-20.0  15.3  0.0 98 2.02e-03
 30.0  12.2  0.0 613 1.26e-02
 25.0  28.3  0.0 77 1.58e-03
 25.0 -21.6  0.0 364 7.49e-03
 30.0 -63.5  7.0 48618 1.00e+00
 10.0 -47.5  7.0 48618 1.00e+00
 10.0 -43.2  4.0 16 3.29e-04
 20.0  35.4  1.0 1103 2.27e-02
 30.0 -18.4  0.0 789 1.62e-02
 20.0  47.5  2.0 3259 6.70e-02
-30.0  35.4  4.0 48618 1.00e+00
-20.0 -21.6  2.0 837 1.72e-02
-10.0 -71.3  7.0 48618 1.00e+00
 25.0  21.6  0.0 318 6.54e-03
 -5.0 -43.2  3.0 3 6.17e-05
-30.0 -31.8  2.0 45 9.26e-04
-20.0 -57.4  7.0 48618 1.00e+00
-25.0  31.8  0.0 196 4.03e-03
  0.0  -3.0  0.0 94 1.93e-03
  5.0  47.5  2.0 1629 3.35e-02
  5.0  52.1  4.0 48618 1.00e+00
 15.0 -35.4  2.0 2 4.11e-05
  5.0   3.0  0.0 605 1.24e-02
  5.0   9.1  0.0 636 1.31e-02
 -5.0  28.3  0.0 277 5.70e-03
 15.0  21.6  0.0 338 6.95e-03
-25.0  18.4  0.0 100 2.06e-03
 20.0 -12.2  0.0 892 1.83e-02
 15.0  -6.0  0.0 825 1.70e-02
-10.0  47.5  4.0 48618 1.00e+00
 20.0  24.9  0.0 209 4.30e-03
 25.0 -12.2  0.0 1058 2.18e-02
-30.0 -47.5  4.0 465 9.56e-03
 20.0   3.0  0.0 827 1.70e-02
 10.0 -12.2  0.0 140 2.88e-03
  5.0 -24.9  2.0 562 1.16e-02
 30.0  47.5  2.0 3550 7.30e-02
  0.0   0.0  0.0 192 3.95e-03
  0.0 -52.1  7.0 48618 1.00e+00
 10.0  39.2  1.0 622 1.28e-02
 10.0   3.0  0.0 731 1.50e-02
  0.0 -71.3  7.0 48618 1.00e+00
 10.0  24.9  0.0 262 5.39e-03
 10.0 -71.3  7.0 48618 1.00e+00
 15.0 -63.5  7.0 48618 1.00e+00
 25.0 -31.8  1.0 5 1.03e-04
-30.0 -43.2  3.0 31 6.38e-04
-10.0 -63.5  7.0 48618 1.00e+00
-30.0 -18.4  2.0 1138 2.34e-02
 -5.0  -6.0  1.0 178 3.66e-03
  5.0  71.3  4.0 48618 1.00e+00
 -5.0  15.3  0.0 533 1.10e-02
-30.0  -9.1  2.0 1782 3.67e-02
 -5.0  43.2  1.0 29 5.96e-04
-15.0 -31.8  2.0 74 1.52e-03
-25.0  57.4  4.0 48618 1.00e+00
-20.0  39.2  1.0 11 2.26e-04
 -5.0 -71.3  7.0 48618 1.00e+00
 25.0  71.3  4.0 48618 1.00e+00
-25.0  21.6  0.0 232 4.77e-03
 -5.0 -31.8  2.0 89 1.83e-03
  5.0  15.3  0.0 570 1.17e-02
 20.0 -35.4  3.0 81 1.67e-03
 20.0  15.3  0.0 513 1.06e-02
 10.0 -15.3  0.0 20 4.11e-04
 25.0 -35.4  3.0 8 1.65e-04
-15.0 -43.2  3.0 26 5.35e-04
 15.0  15.3  0.0 531 1.09e-02
 15.0  52.1  2.0 207 4.26e-03
-20.0   3.0  1.0 54 1.11e-03
-15.0  18.4  0.0 336 6.91e-03
-30.0 -12.2  2.0 1591 3.27e-02
-30.0   3.0  2.0 3120 6.42e-02
  5.0  -3.0  0.0 367 7.55e-03
  5.0 -52.1  7.0 48618 1.00e+00
  0.0  24.9  0.0 350 7.20e-03
 25.0  31.8  0.0 7 1.44e-04
-25.0 -47.5  4.0 440 9.05e-03
 30.0  57.4  4.0 48618 1.00e+00
 20.0 -28.3  1.0 47 9.67e-04
-30.0  12.2  1.0 152 3.13e-03
 25.0  57.4  4.0 48618 1.00e+00
-15.0 -71.3  7.0 48618 1.00e+00
 10.0 -63.5  7.0 48618 1.00e+00
  0.0  35.4  0.0 16 3.29e-04
-30.0  -6.0  2.0 2076 4.27e-02
 20.0  52.1  2.0 392 8.06e-03
 25.0 -43.2  7.0 48618 1.00e+00
  0.0  21.6  0.0 434 8.93e-03
-30.0  71.3  4.0 48618 1.00e+00
 10.0  28.3  0.0 167 3.43e-03
  0.0 -12.2  1.0 131 2.69e-03
 20.0   6.0  0.0 766 1.58e-02
-25.0 -39.2  3.0 389 8.00e-03
 10.0  21.6  0.0 348 7.16e-03
-10.0  -6.0  1.0 57 1.17e-03
 10.0  35.4  0.0 2 4.11e-05
-25.0   0.0  2.0 2818 5.80e-02
-25.0  -9.1  2.0 1825 3.75e-02
 -5.0 -35.4  2.0 7 1.44e-04
-20.0  18.4  0.0 195 4.01e-03
 10.0  47.5  2.0 2328 4.79e-02
-30.0 -21.6  2.0 860 1.77e-02
 15.0   3.0  0.0 801 1.65e-02
 -5.0 -12.2  1.0 34 6.99e-04
-15.0   0.0  1.0 77 1.58e-03
-20.0  57.4  4.0 48618 1.00e+00
 -5.0  12.2  0.0 536 1.10e-02
-10.0  18.4  0.0 452 9.30e-03
 20.0  43.2  1.0 328 6.75e-03
-25.0  35.4  1.0 175 3.60e-03
 -5.0  47.5  2.0 249 5.12e-03
  5.0  -9.1  0.0 65 1.34e-03
 25.0  35.4  1.0 1086 2.23e-02
-10.0  -3.0  1.0 119 2.45e-03
-20.0  35.4  0.0 11 2.26e-04
 25.0 -24.9  0.0 91 1.87e-03
  5.0 -15.3  1.0 190 3.91e-03
-10.0 -28.3  2.0 252 5.18e-03
 -5.0 -18.4  2.0 1176 2.42e-02
-10.0   6.0  0.0 76 1.56e-03
 20.0  -9.1  0.0 968 1.99e-02
-10.0 -57.4  7.0 48618 1.00e+00
  0.0  57.4  4.0 48618 1.00e+00
-20.0   6.0  1.0 114 2.34e-03
 30.0  39.2  1.0 701 1.44e-02
-20.0  31.8  0.0 223 4.59e-03
 20.0 -47.5  7.0 48618 1.00e+00
-20.0  71.3  4.0 48618 1.00e+00
 20.0 -43.2  7.0 48618 1.00e+00
 30.0  -6.0  0.0 1078 2.22e-02
-15.0  31.8  0.0 192 3.95e-03
-15.0  12.2  0.0 127 2.61e-03
 30.0   6.0  0.0 778 1.60e-02
 20.0  63.5  4.0 48618 1.00e+00
 30.0   9.1  0.0 707 1.45e-02
 15.0 -52.1  7.0 48618 1.00e+00
-30.0  63.5  4.0 48618 1.00e+00
-25.0  39.2  4.0 48618 1.00e+00
-25.0  28.3  0.0 312 6.42e-03
 30.0  18.4  0.0 407 8.37e-03
 25.0 -18.4  0.0 706 1.45e-02
 15.0 -18.4  0.0 66 1.36e-03
-10.0 -35.4  2.0 8 1.65e-04
-20.0 -71.3  7.0 48618 1.00e+00
 10.0 -31.8  2.0 72 1.48e-03
 30.0  -3.0  0.0 998 2.05e-02
-15.0 -52.1  5.0 5 1.03e-04
 -5.0 -47.5  4.0 18 3.70e-04
  0.0  -6.0  0.0 27 5.55e-04
 10.0  31.8  0.0 64 1.32e-03
-15.0 -35.4  2.0 5 1.03e-04
  0.0  15.3  0.0 556 1.14e-02
-25.0  43.2  4.0 48618 1.00e+00
 10.0  12.2  0.0 623 1.28e-02
  5.0 -39.2  3.0 59 1.21e-03
-10.0 -52.1  6.0 3797 7.81e-02
  0.0  43.2  1.0 89 1.83e-03
-10.0  -9.1  1.0 20 4.11e-04
 -5.0 -63.5  7.0 48618 1.00e+00
-20.0  28.3  0.0 395 8.12e-03
 20.0 -63.5  7.0 48618 1.00e+00
  0.0  18.4  0.0 501 1.03e-02
-30.0  52.1  4.0 48618 1.00e+00
  0.0  31.8  0.0 116 2.39e-03
 -5.0   0.0  0.0 48 9.87e-04
 20.0  71.3  4.0 48618 1.00e+00
-20.0  47.5  4.0 48618 1.00e+00
-30.0 -24.9  2.0 538 1.11e-02
  0.0  28.3  0.0 235 4.83e-03
 10.0  43.2  1.0 224 4.61e-03
-10.0  31.8  0.0 179 3.68e-03
 30.0 -21.6  0.0 444 9.13e-03
 30.0   0.0  0.0 937 1.93e-02
  0.0  39.2  1.0 500 1.03e-02
 -5.0  71.3  4.0 48618 1.00e+00
-25.0  47.5  4.0 48618 1.00e+00
-20.0  -9.1  2.0 1902 3.91e-02
 20.0 -15.3  0.0 719 1.48e-02
 15.0 -39.2  3.0 1 2.06e-05
 15.0  71.3  4.0 48618 1.00e+00
 20.0  18.4  0.0 427 8.78e-03
-10.0 -31.8  2.0 87 1.79e-03
-10.0  24.9  0.0 459 9.44e-03
-15.0  63.5  4.0 48618 1.00e+00
 25.0   3.0  0.0 849 1.75e-02
 25.0  -9.1  0.0 1072 2.20e-02
  5.0  18.4  0.0 486 1.00e-02
  0.0 -28.3  2.0 238 4.90e-03
 20.0   0.0  0.0 885 1.82e-02
-10.0  52.1  4.0 48618 1.00e+00
 30.0 -31.8  2.0 121 2.49e-03
  5.0   0.0  0.0 522 1.07e-02
-10.0 -12.2  2.0 1787 3.68e-02
 25.0  52.1  2.0 502 1.03e-02
 15.0  35.4  1.0 1097 2.26e-02
 10.0   6.0  0.0 703 1.45e-02
 -5.0 -21.6  2.0 795 1.64e-02
-20.0 -63.5  7.0 48618 1.00e+00
-20.0 -28.3  2.0 244 5.02e-03
 -5.0  35.4  0.0 25 5.14e-04
-20.0  24.9  0.0 359 7.38e-03
-10.0  28.3  0.0 339 6.97e-03
 10.0  52.1  2.0 21 4.32e-04
-15.0  39.2  1.0 102 2.10e-03
  5.0  31.8  0.0 90 1.85e-03
  0.0  47.5  2.0 926 1.90e-02
-20.0 -18.4  2.0 1103 2.27e-02
  0.0 -43.2  4.0 625 1.29e-02
 15.0  -9.1  0.0 754 1.55e-02
-15.0 -24.9  2.0 511 1.05e-02
  0.0   6.0  0.0 486 1.00e-02
-25.0  71.3  4.0 48618 1.00e+00
-10.0 -15.3  2.0 1435 2.95e-02
-20.0 -47.5  4.0 355 7.30e-03
 30.0   3.0  0.0 849 1.75e-02
 15.0  43.2  1.0 285 5.86e-03
-10.0 -18.4  2.0 1108 2.28e-02
 30.0  43.2  1.0 359 7.38e-03
 10.0 -35.4  2.0 3 6.17e-05
  5.0 -35.4  2.0 6 1.23e-04
 30.0 -12.2  0.0 1107 2.28e-02
-15.0  71.3  4.0 48618 1.00e+00
-10.0  57.4  4.0 48618 1.00e+00
  5.0 -12.2  0.0 4 8.23e-05
 20.0  39.2  1.0 689 1.42e-02
 15.0  18.4  0.0 440 9.05e-03
-30.0   9.1  1.0 71 1.46e-03
-10.0 -21.6  2.0 798 1.64e-02
-20.0 -24.9  2.0 529 1.09e-02
-25.0 -12.2  2.0 1576 3.24e-02
-25.0 -71.3  7.0 48618 1.00e+00
 20.0  31.8  0.0 25 5.14e-04
-15.0  47.5  4.0 48618 1.00e+00
  0.0 -39.2  3.0 120 2.47e-03
  5.0 -28.3  2.0 260 5.35e-03
 25.0  18.4  0.0 434 8.93e-03
 30.0 -28.3  1.0 464 9.54e-03
 20.0  21.6  0.0 332 6.83e-03
 -5.0  -9.1  1.0 87 1.79e-03
 10.0  71.3  4.0 48618 1.00e+00
-25.0  52.1  4.0 48618 1.00e+00
-15.0 -15.3  2.0 1381 2.84e-02
-20.0  -6.0  2.0 2192 4.51e-02
 10.0  15.3  0.0 558 1.15e-02
-30.0 -28.3  2.0 244 5.02e-03
-30.0 -52.1  5.0 197 4.05e-03
 30.0  15.3  0.0 529 1.09e-02
 20.0 -52.1  7.0 48618 1.00e+00
  5.0 -47.5  5.0 48 9.87e-04
 25.0 -57.4  7.0 48618 1.00e+00
-20.0  12.2  0.0 35 7.20e-04
-25.0 -52.1  5.0 156 3.21e-03
 10.0 -39.2  3.0 21 4.32e-04
-10.0 -43.2  3.0 14 2.88e-04
-10.0   3.0  0.0 19 3.91e-04
 -5.0 -24.9  2.0 493 1.01e-02
-10.0 -24.9  2.0 481 9.89e-03
 15.0  28.3  0.0 130 2.67e-03
-15.0  28.3  0.0 404 8.31e-03
  5.0 -57.4  7.0 48618 1.00e+00
-20.0 -12.2  2.0 1613 3.32e-02
 25.0  12.2  0.0 610 1.25e-02
  5.0 -71.3  7.0 48618 1.00e+00
 25.0 -71.3  7.0 48618 1.00e+00
 30.0  52.1  2.0 536 1.10e-02
 -5.0 -28.3  2.0 254 5.22e-03
 15.0 -71.3  7.0 48618 1.00e+00
 25.0  39.2  1.0 689 1.42e-02
 10.0  63.5  4.0 48618 1.00e+00
 15.0 -12.2  0.0 563 1.16e-02
  5.0  35.4  0.0 9 1.85e-04
 -5.0  39.2  1.0 379 7.80e-03
 20.0  -6.0  0.0 968 1.99e-02
 15.0 -31.8  2.0 66 1.36e-03
-30.0  15.3  1.0 283 5.82e-03
-15.0  35.4  0.0 27 5.55e-04
 10.0 -28.3  2.0 280 5.76e-03
-10.0  12.2  0.0 297 6.11e-03
-20.0  52.1  4.0 48618 1.00e+00
 30.0  31.8  1.0 1690 3.48e-02
-25.0  24.9  0.0 331 6.81e-03
-15.0  52.1  4.0 48618 1.00e+00
  0.0  -9.1  0.0 2 4.11e-05
-15.0 -39.2  3.0 295 6.07e-03
 10.0  -9.1  0.0 374 7.69e-03
 20.0 -24.9  0.0 1 2.06e-05
 25.0 -63.5  7.0 48618 1.00e+00
  5.0  43.2  1.0 160 3.29e-03
 15.0 -24.9  1.0 80 1.65e-03
-30.0  -3.0  2.0 2467 5.07e-02
-30.0  18.4  0.0 19 3.91e-04
-20.0  -3.0  1.0 2 4.11e-05
 -5.0 -57.4  7.0 48618 1.00e+00
-15.0  15.3  0.0 239 4.92e-03
-30.0 -63.5  7.0 48618 1.00e+00
 -5.0  63.5  4.0 48618 1.00e+00
-25.0  63.5  4.0 48618 1.00e+00
-10.0  39.2  1.0 250 5.14e-03
-10.0  71.3  4.0 48618 1.00e+00
-20.0  43.2  4.0 48618 1.00e+00
 10.0 -21.6  1.0 79 1.62e-03
  0.0 -31.8  2.0 86 1.77e-03
-30.0  47.5  4.0 48618 1.00e+00
 25.0  15.3  0.0 515 1.06e-02
 30.0 -43.2  7.0 48618 1.00e+00
  0.0 -18.4  1.0 9 1.85e-04
-15.0 -28.3  2.0 240 4.94e-03
 30.0 -47.5  7.0 48618 1.00e+00
  5.0  21.6  0.0 387 7.96e-03
  0.0 -47.5  5.0 646 1.33e-02
 10.0 -24.9  1.0 6 1.23e-04
 25.0 -39.2  7.0 48618 1.00e+00
  5.0  -6.0  0.0 208 4.28e-03
 10.0   0.0  0.0 734 1.51e-02
  5.0 -31.8  2.0 84 1.73e-03
 10.0 -52.1  7.0 48618 1.00e+00
 -5.0  18.4  0.0 481 9.89e-03
  5.0 -63.5  7.0 48618 1.00e+00
 30.0  71.3  4.0 48618 1.00e+00
 25.0  -3.0  0.0 975 2.01e-02
-15.0  -3.0  1.0 43 8.84e-04
-15.0 -47.5  4.0 217 4.46e-03
 25.0   9.1  0.0 687 1.41e-02
 30.0  -9.1  0.0 1103 2.27e-02
 10.0  -3.0  0.0 683 1.40e-02
-10.0 -39.2  3.0 228 4.69e-03
 -5.0  -3.0  0.0 7 1.44e-04
-30.0  57.4  4.0 48618 1.00e+00
 10.0  18.4  0.0 460 9.46e-03
 20.0  -3.0  0.0 923 1.90e-02
-20.0   9.1  0.0 1 2.06e-05
-25.0 -21.6  2.0 841 1.73e-02
 20.0  12.2  0.0 612 1.26e-02
 -5.0   9.1  0.0 404 8.31e-03
-30.0  39.2  4.0 48618 1.00e+00
  0.0   3.0  0.0 320 6.58e-03
-30.0 -35.4  3.0 953 1.96e-02
-25.0 -35.4  3.0 941 1.94e-02
-30.0  28.3  0.0 290 5.96e-03
  5.0  39.2  1.0 595 1.22e-02
-20.0   0.0  1.0 25 5.14e-04
-30.0 -39.2  3.0 392 8.06e-03
-20.0 -52.1  5.0 72 1.48e-03
 -5.0  24.9  0.0 418 8.60e-03
-15.0  -9.1  2.0 1983 4.08e-02
 10.0  -6.0  0.0 591 1.22e-02
-30.0   0.0  2.0 2825 5.81e-02
 30.0  63.5  4.0 48618 1.00e+00
-20.0 -15.3  2.0 1367 2.81e-02
-25.0  12.2  1.0 196 4.03e-03
-25.0 -28.3  2.0 240 4.94e-03
-25.0   3.0  1.0 9 1.85e-04
 25.0  63.5  4.0 48618 1.00e+00
 25.0   6.0  0.0 764 1.57e-02
-30.0  21.6  0.0 191 3.93e-03
-25.0   9.1  1.0 90 1.85e-03
  5.0  63.5  4.0 48618 1.00e+00
  5.0  12.2  0.0 625 1.29e-02
 20.0   9.1  0.0 686 1.41e-02
