  0.480875    1.69102    3.44099    2.69019         80
  0.480875    1.98026    4.02955    2.69019         80
  0.480875     2.2695     4.6181    2.69019         80
  0.480875    2.55873    5.20665    2.69019         80
   8.01168    3.09123     5.2512    2.60967     599.99
      1.25    3.09123    5.38792    2.45752     599.99
      1.25    2.79608    4.87348    2.45752     599.99
      1.25    2.52861    4.40729    2.45752     599.99
      1.25    2.32583    4.05384    2.45752     599.99
      1.25    2.21369    3.85839    2.45752     599.99
      1.25    2.18339    3.80559    2.45752     599.99
      1.25    2.21745    3.86494    2.45752     599.99
      1.25    2.29836    4.00596    2.45752     599.99
      1.25    2.40862    3.98745    2.80072     599.99
      1.25    2.53075    4.18963    2.80072     599.99
      1.25    2.65017    4.38734    2.80072     599.99
      1.25    2.76406    4.57588    2.80072     599.99
      1.25    2.87252    4.75544    2.80072     599.99
      1.25    2.97566    4.92618    2.80072     599.99
      1.25    3.07357    5.08826    2.80072     599.99
      1.25    3.16636    5.24187    2.80072     599.99
      1.25    3.25412    5.38717    2.80072     599.99
      1.25    3.33697    5.52433    2.80072     599.99
      1.25    3.41501    5.65352    2.80072     599.99
      1.25    3.48834    5.77491    2.80072     599.99
      1.25    3.55705    5.88867    2.80072     599.99
      1.25    3.62126    5.99496    2.80072     599.99
      1.25    3.68106    6.09397    2.80072     599.99
      1.25    3.73657    6.18585    2.80072     599.99
      1.25    3.78787    6.27079    2.80072     599.99
      1.25    3.83508    6.34894    2.80072     599.99
      1.25    3.87829    6.42048    2.80072     599.99
      1.25    3.91762    6.48558    2.80072     599.99
      1.25    3.95315     6.5444    2.80072     599.99
      1.25      3.985    6.59713    2.80072     599.99
      1.25    4.01326    6.64392    2.80072     599.99
      1.25    4.03804    6.68495    2.80072     599.99
      1.25    4.05945    6.72038    2.80072     599.99
      1.25    4.07758     6.7504    2.80072     599.99
      1.25    4.09253    6.77515    2.80072     599.99
      1.25    4.10442    6.79483    2.80072     599.99
      1.25    4.11334    6.80959    2.80072     599.99
      1.25    4.11939    6.81961    2.80072     599.99
      1.25    4.12268    6.82506    2.80072     599.99
      1.25    4.12331     6.8261    2.80072     599.99
   3.63635    4.12331    7.21579       3.38     417.59
   3.63635    4.17164    7.30038       3.38     417.59
   3.63635    4.20779    7.36363       3.38     417.59
   3.63635     4.2333    7.40827       3.38     417.59
   3.63635    4.25016    7.43779       3.38     417.59
   3.63635    4.26037    7.45566       3.38     417.59
   3.63635    4.26592    7.46536       3.38     417.59
   3.63635    4.26879    7.47038       3.38     417.59
   3.63635    4.27097    7.47421       3.38     417.59
   3.63635    4.27446    7.48031       3.38     417.59
   3.63635    4.28123    7.49216       3.38     417.59
   3.63635    4.29251     7.5119       3.38     417.59
   3.63635    4.30804    7.53906       3.38     417.59
   3.63635    4.32737     7.5729       3.38     417.59
   3.63635    4.35009    7.61266       3.38     417.59
   3.63635    4.37576    7.65757       3.38     417.59
   3.63635    4.40394     7.7069       3.38     417.59
   3.63635    4.43421    7.75987       3.38     417.59
   3.63635    4.46613    7.81574       3.38     417.59
   3.63635    4.49928    7.87374       3.38     417.59
   3.63635    4.53322    7.93313       3.38     417.59
   3.63635    4.56751    7.99315       3.38     417.59
   3.63635    4.60174    8.05304       3.38     417.59
   3.63635    4.63546    8.11205       3.38     417.59
   3.63635    4.66824    8.16941       3.38     417.59
   3.63635    4.69965    8.22439       3.38     417.59
   3.63635    4.72926    8.27621       3.38     417.59
   3.63635    4.75665    8.32413       3.38     417.59
   3.63635    4.78136    8.36739       3.38     417.59
   3.63635    4.80299    8.40523       3.38     417.59
   3.63635    4.82108    8.43689       3.38     417.59
   3.63635    4.83522    8.46163       3.38     417.59
   3.63635    4.84496    8.47869       3.38     417.59
   3.63635    4.84989     8.4873       3.38     417.59
   3.63635    4.84956    8.48673       3.38     417.59
   3.63635    4.84354     8.4762       3.38     417.59
   3.63635    4.83141    8.45496       3.38     417.59
   3.63635    4.81272    8.42227       3.38     417.59
   3.63635    4.78706    8.37735       3.38     417.59
   0          4.75427    8.31997       3.38     417.59
